/*--------------------------------*- C++ -*----------------------------------*\
| =========                 |                                                 |
| \\      /  F ield         | OpenFOAM: The Open Source CFD Toolbox           |
|  \\    /   O peration     | Version:  2.2.2                                 |
|   \\  /    A nd           | Web:      www.OpenFOAM.org                      |
|    \\/     M anipulation  |                                                 |
\*---------------------------------------------------------------------------*/
FoamFile
{
    version     2.0;
    format      ascii;
    class       vectorField;
    object      points;
}
// * * * * * * * * * * * * * * * * * * * * * * * * * * * * * * * * * * * * * //

(
(0.005075 -0.9135 0.0126875)
(0.00634375 -0.9135 0.0126875)
(0.0076125 -0.9135 0.0126875)
(0.00888125 -0.9135 0.0126875)
(0.01015 -0.9135 0.0126875)
(0.01141875 -0.9135 0.0126875)
(0.0126875 -0.9135 0.0126875)
(0.015225 -0.9135 0.0126875)
(0.0177625 -0.9135 0.0126875)
(0.0203 -0.9135 0.0126875)
(0.025375 -0.9135 0.0126875)
(0.005075 -0.9135 0.025375)
(0.00634375 -0.9135 0.025375)
(0.0076125 -0.9135 0.025375)
(0.00888125 -0.9135 0.025375)
(0.01015 -0.9135 0.025375)
(0.01141875 -0.9135 0.025375)
(0.0126875 -0.9135 0.025375)
(0.015225 -0.9135 0.025375)
(0.0177625 -0.9135 0.025375)
(0.0203 -0.9135 0.025375)
(0.025375 -0.9135 0.025375)
(0.005075 -0.9135 0.0380625)
(0.00634375 -0.9135 0.0380625)
(0.0076125 -0.9135 0.0380625)
(0.00888125 -0.9135 0.0380625)
(0.01015 -0.9135 0.0380625)
(0.01141875 -0.9135 0.0380625)
(0.0126875 -0.9135 0.0380625)
(0.015225 -0.9135 0.0380625)
(0.0177625 -0.9135 0.0380625)
(0.0203 -0.9135 0.0380625)
(0.025375 -0.9135 0.0380625)
(0.005075 -0.9135 0.05075)
(0.00634375 -0.9135 0.05075)
(0.0076125 -0.9135 0.05075)
(0.00888125 -0.9135 0.05075)
(0.01015 -0.9135 0.05075)
(0.01141875 -0.9135 0.05075)
(0.0126875 -0.9135 0.05075)
(0.015225 -0.9135 0.05075)
(0.0177625 -0.9135 0.05075)
(0.0203 -0.9135 0.05075)
(0.025375 -0.9135 0.05075)
(0.005075 -0.9135 0.076125)
(0.00634375 -0.9135 0.076125)
(0.0076125 -0.9135 0.076125)
(0.00888125 -0.9135 0.076125)
(0.01015 -0.9135 0.076125)
(0.01141875 -0.9135 0.076125)
(0.0126875 -0.9135 0.076125)
(0.015225 -0.9135 0.076125)
(0.0177625 -0.9135 0.076125)
(0.0203 -0.9135 0.076125)
(0.025375 -0.9135 0.076125)
(0.005075 -0.9135 0.1015)
(0.00634375 -0.9135 0.1015)
(0.0076125 -0.9135 0.1015)
(0.00888125 -0.9135 0.1015)
(0.01015 -0.9135 0.1015)
(0.01141875 -0.9135 0.1015)
(0.0126875 -0.9135 0.1015)
(0.015225 -0.9135 0.1015)
(0.0177625 -0.9135 0.1015)
(0.0203 -0.9135 0.1015)
(0.025375 -0.9135 0.1015)
(0.005075 -0.9135 0.15225)
(0.00634375 -0.9135 0.15225)
(0.0076125 -0.9135 0.15225)
(0.00888125 -0.9135 0.15225)
(0.01015 -0.9135 0.15225)
(0.01141875 -0.9135 0.15225)
(0.0126875 -0.9135 0.15225)
(0.015225 -0.9135 0.15225)
(0.0177625 -0.9135 0.15225)
(0.0203 -0.9135 0.15225)
(0.025375 -0.9135 0.15225)
(0.005075 -0.9135 0.203)
(0.00634375 -0.9135 0.203)
(0.0076125 -0.9135 0.203)
(0.00888125 -0.9135 0.203)
(0.01015 -0.9135 0.203)
(0.01141875 -0.9135 0.203)
(0.0126875 -0.9135 0.203)
(0.015225 -0.9135 0.203)
(0.0177625 -0.9135 0.203)
(0.0203 -0.9135 0.203)
(0.025375 -0.9135 0.203)
(0.005075 -0.9135 0.203)
(0.00634375 -0.9135 0.203)
(0.0076125 -0.9135 0.203)
(0.00888125 -0.9135 0.203)
(0.01015 -0.9135 0.203)
(0.01141875 -0.9135 0.203)
(0.0126875 -0.9135 0.203)
(0.015225 -0.9135 0.203)
(0.0177625 -0.9135 0.203)
(0.0203 -0.9135 0.203)
(0.025375 -0.9135 0.203)
(0.0380625 -0.9135 0.203)
(0.05075 -0.9135 0.203)
(0.076125 -0.9135 0.203)
(0.1015 -0.9135 0.203)
(0.005075 -0.9135 0.3045)
(0.00634375 -0.9135 0.3045)
(0.0076125 -0.9135 0.3045)
(0.00888125 -0.9135 0.3045)
(0.01015 -0.9135 0.3045)
(0.01141875 -0.9135 0.3045)
(0.0126875 -0.9135 0.3045)
(0.015225 -0.9135 0.3045)
(0.0177625 -0.9135 0.3045)
(0.0203 -0.9135 0.3045)
(0.025375 -0.9135 0.3045)
(0.0380625 -0.9135 0.3045)
(0.05075 -0.9135 0.3045)
(0.076125 -0.9135 0.3045)
(0.1015 -0.9135 0.3045)
(0.005075 -0.9135 0.406)
(0.00634375 -0.9135 0.406)
(0.0076125 -0.9135 0.406)
(0.00888125 -0.9135 0.406)
(0.01015 -0.9135 0.406)
(0.01141875 -0.9135 0.406)
(0.0126875 -0.9135 0.406)
(0.015225 -0.9135 0.406)
(0.0177625 -0.9135 0.406)
(0.0203 -0.9135 0.406)
(0.025375 -0.9135 0.406)
(0.0380625 -0.9135 0.406)
(0.05075 -0.9135 0.406)
(0.076125 -0.9135 0.406)
(0.1015 -0.9135 0.406)
(0.005075 -0.9135 0.5075)
(0.00634375 -0.9135 0.5075)
(0.0076125 -0.9135 0.5075)
(0.00888125 -0.9135 0.5075)
(0.01015 -0.9135 0.5075)
(0.01141875 -0.9135 0.5075)
(0.0126875 -0.9135 0.5075)
(0.015225 -0.9135 0.5075)
(0.0177625 -0.9135 0.5075)
(0.0203 -0.9135 0.5075)
(0.025375 -0.9135 0.5075)
(0.0380625 -0.9135 0.5075)
(0.05075 -0.9135 0.5075)
(0.076125 -0.9135 0.5075)
(0.1015 -0.9135 0.5075)
(0.005075 -0.9135 0.609)
(0.00634375 -0.9135 0.609)
(0.0076125 -0.9135 0.609)
(0.00888125 -0.9135 0.609)
(0.01015 -0.9135 0.609)
(0.01141875 -0.9135 0.609)
(0.0126875 -0.9135 0.609)
(0.015225 -0.9135 0.609)
(0.0177625 -0.9135 0.609)
(0.0203 -0.9135 0.609)
(0.025375 -0.9135 0.609)
(0.0380625 -0.9135 0.609)
(0.05075 -0.9135 0.609)
(0.076125 -0.9135 0.609)
(0.1015 -0.9135 0.609)
(0.197925 -0.9135 0.012688)
(0.19665625 -0.9135 0.012688)
(0.1953875 -0.9135 0.012688)
(0.19411875 -0.9135 0.012688)
(0.19285 -0.9135 0.012688)
(0.19158125 -0.9135 0.012688)
(0.1903125 -0.9135 0.012688)
(0.187775 -0.9135 0.012688)
(0.1852375 -0.9135 0.012688)
(0.1827 -0.9135 0.012688)
(0.177625 -0.9135 0.012688)
(0.197925 -0.9135 0.025375)
(0.19665625 -0.9135 0.025375)
(0.1953875 -0.9135 0.025375)
(0.19411875 -0.9135 0.025375)
(0.19285 -0.9135 0.025375)
(0.19158125 -0.9135 0.025375)
(0.1903125 -0.9135 0.025375)
(0.187775 -0.9135 0.025375)
(0.1852375 -0.9135 0.025375)
(0.1827 -0.9135 0.025375)
(0.177625 -0.9135 0.025375)
(0.197925 -0.9135 0.038063)
(0.19665625 -0.9135 0.038063)
(0.1953875 -0.9135 0.038063)
(0.19411875 -0.9135 0.038063)
(0.19285 -0.9135 0.038063)
(0.19158125 -0.9135 0.038063)
(0.1903125 -0.9135 0.038063)
(0.187775 -0.9135 0.038063)
(0.1852375 -0.9135 0.038063)
(0.1827 -0.9135 0.038063)
(0.177625 -0.9135 0.038063)
(0.197925 -0.9135 0.05075)
(0.19665625 -0.9135 0.05075)
(0.1953875 -0.9135 0.05075)
(0.19411875 -0.9135 0.05075)
(0.19285 -0.9135 0.05075)
(0.19158125 -0.9135 0.05075)
(0.1903125 -0.9135 0.05075)
(0.187775 -0.9135 0.05075)
(0.1852375 -0.9135 0.05075)
(0.1827 -0.9135 0.05075)
(0.177625 -0.9135 0.05075)
(0.197925 -0.9135 0.076125)
(0.19665625 -0.9135 0.076125)
(0.1953875 -0.9135 0.076125)
(0.19411875 -0.9135 0.076125)
(0.19285 -0.9135 0.076125)
(0.19158125 -0.9135 0.076125)
(0.1903125 -0.9135 0.076125)
(0.187775 -0.9135 0.076125)
(0.1852375 -0.9135 0.076125)
(0.1827 -0.9135 0.076125)
(0.177625 -0.9135 0.076125)
(0.197925 -0.9135 0.1015)
(0.19665625 -0.9135 0.1015)
(0.1953875 -0.9135 0.1015)
(0.19411875 -0.9135 0.1015)
(0.19285 -0.9135 0.1015)
(0.19158125 -0.9135 0.1015)
(0.1903125 -0.9135 0.1015)
(0.187775 -0.9135 0.1015)
(0.1852375 -0.9135 0.1015)
(0.1827 -0.9135 0.1015)
(0.177625 -0.9135 0.1015)
(0.197925 -0.9135 0.15225)
(0.19665625 -0.9135 0.15225)
(0.1953875 -0.9135 0.15225)
(0.19411875 -0.9135 0.15225)
(0.19285 -0.9135 0.15225)
(0.19158125 -0.9135 0.15225)
(0.1903125 -0.9135 0.15225)
(0.187775 -0.9135 0.15225)
(0.1852375 -0.9135 0.15225)
(0.1827 -0.9135 0.15225)
(0.177625 -0.9135 0.15225)
(0.197925 -0.9135 0.203)
(0.19665625 -0.9135 0.203)
(0.1953875 -0.9135 0.203)
(0.19411875 -0.9135 0.203)
(0.19285 -0.9135 0.203)
(0.19158125 -0.9135 0.203)
(0.1903125 -0.9135 0.203)
(0.187775 -0.9135 0.203)
(0.1852375 -0.9135 0.203)
(0.1827 -0.9135 0.203)
(0.177625 -0.9135 0.203)
(0.197925 -0.9135 0.203)
(0.19665625 -0.9135 0.203)
(0.1953875 -0.9135 0.203)
(0.19411875 -0.9135 0.203)
(0.19285 -0.9135 0.203)
(0.19158125 -0.9135 0.203)
(0.1903125 -0.9135 0.203)
(0.187775 -0.9135 0.203)
(0.1852375 -0.9135 0.203)
(0.1827 -0.9135 0.203)
(0.177625 -0.9135 0.203)
(0.1649375 -0.9135 0.203)
(0.15225 -0.9135 0.203)
(0.126875 -0.9135 0.203)
(0.1015 -0.9135 0.203)
(0.197925 -0.9135 0.3045)
(0.19665625 -0.9135 0.3045)
(0.1953875 -0.9135 0.3045)
(0.19411875 -0.9135 0.3045)
(0.19285 -0.9135 0.3045)
(0.19158125 -0.9135 0.3045)
(0.1903125 -0.9135 0.3045)
(0.187775 -0.9135 0.3045)
(0.1852375 -0.9135 0.3045)
(0.1827 -0.9135 0.3045)
(0.177625 -0.9135 0.3045)
(0.1649375 -0.9135 0.3045)
(0.15225 -0.9135 0.3045)
(0.126875 -0.9135 0.3045)
(0.1015 -0.9135 0.3045)
(0.197925 -0.9135 0.406)
(0.19665625 -0.9135 0.406)
(0.1953875 -0.9135 0.406)
(0.19411875 -0.9135 0.406)
(0.19285 -0.9135 0.406)
(0.19158125 -0.9135 0.406)
(0.1903125 -0.9135 0.406)
(0.187775 -0.9135 0.406)
(0.1852375 -0.9135 0.406)
(0.1827 -0.9135 0.406)
(0.177625 -0.9135 0.406)
(0.1649375 -0.9135 0.406)
(0.15225 -0.9135 0.406)
(0.126875 -0.9135 0.406)
(0.1015 -0.9135 0.406)
(0.197925 -0.9135 0.5075)
(0.19665625 -0.9135 0.5075)
(0.1953875 -0.9135 0.5075)
(0.19411875 -0.9135 0.5075)
(0.19285 -0.9135 0.5075)
(0.19158125 -0.9135 0.5075)
(0.1903125 -0.9135 0.5075)
(0.187775 -0.9135 0.5075)
(0.1852375 -0.9135 0.5075)
(0.1827 -0.9135 0.5075)
(0.177625 -0.9135 0.5075)
(0.1649375 -0.9135 0.5075)
(0.15225 -0.9135 0.5075)
(0.126875 -0.9135 0.5075)
(0.1015 -0.9135 0.5075)
(0.197925 -0.9135 0.609)
(0.19665625 -0.9135 0.609)
(0.1953875 -0.9135 0.609)
(0.19411875 -0.9135 0.609)
(0.19285 -0.9135 0.609)
(0.19158125 -0.9135 0.609)
(0.1903125 -0.9135 0.609)
(0.187775 -0.9135 0.609)
(0.1852375 -0.9135 0.609)
(0.1827 -0.9135 0.609)
(0.177625 -0.9135 0.609)
(0.1649375 -0.9135 0.609)
(0.15225 -0.9135 0.609)
(0.126875 -0.9135 0.609)
(0.1015 -0.9135 0.609)
(0.025375 -0.9135 0.003171875)
(0.0380625 -0.9135 0.003171875)
(0.05075 -0.9135 0.003171875)
(0.0634375 -0.9135 0.003171875)
(0.076125 -0.9135 0.003171875)
(0.08246875 -0.9135 0.003171875)
(0.0888125 -0.9135 0.003171875)
(0.09515625 -0.9135 0.003171875)
(0.1015 -0.9135 0.003171875)
(0.10784375 -0.9135 0.003171875)
(0.1141875 -0.9135 0.003171875)
(0.12053125 -0.9135 0.003171875)
(0.126875 -0.9135 0.003171875)
(0.1395625 -0.9135 0.003171875)
(0.15225 -0.9135 0.003171875)
(0.1649375 -0.9135 0.003171875)
(0.177625 -0.9135 0.003171875)
(0.025375 -0.9135 0.0076125)
(0.0380625 -0.9135 0.0076125)
(0.05075 -0.9135 0.0076125)
(0.0634375 -0.9135 0.0076125)
(0.076125 -0.9135 0.0076125)
(0.08246875 -0.9135 0.0076125)
(0.0888125 -0.9135 0.0076125)
(0.09515625 -0.9135 0.0076125)
(0.1015 -0.9135 0.0076125)
(0.10784375 -0.9135 0.0076125)
(0.1141875 -0.9135 0.0076125)
(0.12053125 -0.9135 0.0076125)
(0.126875 -0.9135 0.0076125)
(0.1395625 -0.9135 0.0076125)
(0.15225 -0.9135 0.0076125)
(0.1649375 -0.9135 0.0076125)
(0.177625 -0.9135 0.0076125)
(0.025375 -0.9135 0.01015)
(0.0380625 -0.9135 0.01015)
(0.05075 -0.9135 0.01015)
(0.0634375 -0.9135 0.01015)
(0.076125 -0.9135 0.01015)
(0.08246875 -0.9135 0.01015)
(0.0888125 -0.9135 0.01015)
(0.09515625 -0.9135 0.01015)
(0.1015 -0.9135 0.01015)
(0.10784375 -0.9135 0.01015)
(0.1141875 -0.9135 0.01015)
(0.12053125 -0.9135 0.01015)
(0.126875 -0.9135 0.01015)
(0.1395625 -0.9135 0.01015)
(0.15225 -0.9135 0.01015)
(0.1649375 -0.9135 0.01015)
(0.177625 -0.9135 0.01015)
(0.025375 -0.9135 0.0126875)
(0.0380625 -0.9135 0.0126875)
(0.05075 -0.9135 0.0126875)
(0.0634375 -0.9135 0.0126875)
(0.076125 -0.9135 0.0126875)
(0.08246875 -0.9135 0.0126875)
(0.0888125 -0.9135 0.0126875)
(0.09515625 -0.9135 0.0126875)
(0.1015 -0.9135 0.0126875)
(0.10784375 -0.9135 0.0126875)
(0.1141875 -0.9135 0.0126875)
(0.12053125 -0.9135 0.0126875)
(0.126875 -0.9135 0.0126875)
(0.1395625 -0.9135 0.0126875)
(0.15225 -0.9135 0.0126875)
(0.1649375 -0.9135 0.0126875)
(0.177625 -0.9135 0.0126875)
(0.025375 -0.9135 0.015225)
(0.0380625 -0.9135 0.015225)
(0.05075 -0.9135 0.015225)
(0.0634375 -0.9135 0.015225)
(0.076125 -0.9135 0.015225)
(0.08246875 -0.9135 0.015225)
(0.0888125 -0.9135 0.015225)
(0.09515625 -0.9135 0.015225)
(0.1015 -0.9135 0.015225)
(0.10784375 -0.9135 0.015225)
(0.1141875 -0.9135 0.015225)
(0.12053125 -0.9135 0.015225)
(0.126875 -0.9135 0.015225)
(0.1395625 -0.9135 0.015225)
(0.15225 -0.9135 0.015225)
(0.1649375 -0.9135 0.015225)
(0.177625 -0.9135 0.015225)
(0.025375 -0.9135 0.025375)
(0.0380625 -0.9135 0.025375)
(0.05075 -0.9135 0.025375)
(0.0634375 -0.9135 0.025375)
(0.076125 -0.9135 0.025375)
(0.08246875 -0.9135 0.025375)
(0.0888125 -0.9135 0.025375)
(0.09515625 -0.9135 0.025375)
(0.1015 -0.9135 0.025375)
(0.10784375 -0.9135 0.025375)
(0.1141875 -0.9135 0.025375)
(0.12053125 -0.9135 0.025375)
(0.126875 -0.9135 0.025375)
(0.1395625 -0.9135 0.025375)
(0.15225 -0.9135 0.025375)
(0.1649375 -0.9135 0.025375)
(0.177625 -0.9135 0.025375)
(0.025375 -0.9135 0.0329875)
(0.0380625 -0.9135 0.0329875)
(0.05075 -0.9135 0.0329875)
(0.0634375 -0.9135 0.0329875)
(0.076125 -0.9135 0.0329875)
(0.08246875 -0.9135 0.0329875)
(0.0888125 -0.9135 0.0329875)
(0.09515625 -0.9135 0.0329875)
(0.1015 -0.9135 0.0329875)
(0.10784375 -0.9135 0.0329875)
(0.1141875 -0.9135 0.0329875)
(0.12053125 -0.9135 0.0329875)
(0.126875 -0.9135 0.0329875)
(0.1395625 -0.9135 0.0329875)
(0.15225 -0.9135 0.0329875)
(0.1649375 -0.9135 0.0329875)
(0.177625 -0.9135 0.0329875)
(0.025375 -0.9135 0.05075)
(0.0380625 -0.9135 0.05075)
(0.05075 -0.9135 0.05075)
(0.0634375 -0.9135 0.05075)
(0.076125 -0.9135 0.05075)
(0.08246875 -0.9135 0.05075)
(0.0888125 -0.9135 0.05075)
(0.09515625 -0.9135 0.05075)
(0.1015 -0.9135 0.05075)
(0.10784375 -0.9135 0.05075)
(0.1141875 -0.9135 0.05075)
(0.12053125 -0.9135 0.05075)
(0.126875 -0.9135 0.05075)
(0.1395625 -0.9135 0.05075)
(0.15225 -0.9135 0.05075)
(0.1649375 -0.9135 0.05075)
(0.177625 -0.9135 0.05075)
(0.025375 -0.9135 0.076125)
(0.0380625 -0.9135 0.076125)
(0.05075 -0.9135 0.076125)
(0.0634375 -0.9135 0.076125)
(0.076125 -0.9135 0.076125)
(0.08246875 -0.9135 0.076125)
(0.0888125 -0.9135 0.076125)
(0.09515625 -0.9135 0.076125)
(0.1015 -0.9135 0.076125)
(0.10784375 -0.9135 0.076125)
(0.1141875 -0.9135 0.076125)
(0.12053125 -0.9135 0.076125)
(0.126875 -0.9135 0.076125)
(0.1395625 -0.9135 0.076125)
(0.15225 -0.9135 0.076125)
(0.1649375 -0.9135 0.076125)
(0.177625 -0.9135 0.076125)
(0.025375 -0.9135 0.1015)
(0.0380625 -0.9135 0.1015)
(0.05075 -0.9135 0.1015)
(0.0634375 -0.9135 0.1015)
(0.076125 -0.9135 0.1015)
(0.08246875 -0.9135 0.1015)
(0.0888125 -0.9135 0.1015)
(0.09515625 -0.9135 0.1015)
(0.1015 -0.9135 0.1015)
(0.10784375 -0.9135 0.1015)
(0.1141875 -0.9135 0.1015)
(0.12053125 -0.9135 0.1015)
(0.126875 -0.9135 0.1015)
(0.1395625 -0.9135 0.1015)
(0.15225 -0.9135 0.1015)
(0.1649375 -0.9135 0.1015)
(0.177625 -0.9135 0.1015)
(0.025375 -0.9135 0.126875)
(0.0380625 -0.9135 0.126875)
(0.05075 -0.9135 0.126875)
(0.0634375 -0.9135 0.126875)
(0.076125 -0.9135 0.126875)
(0.08246875 -0.9135 0.126875)
(0.0888125 -0.9135 0.126875)
(0.09515625 -0.9135 0.126875)
(0.1015 -0.9135 0.126875)
(0.10784375 -0.9135 0.126875)
(0.1141875 -0.9135 0.126875)
(0.12053125 -0.9135 0.126875)
(0.126875 -0.9135 0.126875)
(0.1395625 -0.9135 0.126875)
(0.15225 -0.9135 0.126875)
(0.1649375 -0.9135 0.126875)
(0.177625 -0.9135 0.126875)
(0.025375 -0.9135 0.15225)
(0.0380625 -0.9135 0.15225)
(0.05075 -0.9135 0.15225)
(0.0634375 -0.9135 0.15225)
(0.076125 -0.9135 0.15225)
(0.08246875 -0.9135 0.15225)
(0.0888125 -0.9135 0.15225)
(0.09515625 -0.9135 0.15225)
(0.1015 -0.9135 0.15225)
(0.10784375 -0.9135 0.15225)
(0.1141875 -0.9135 0.15225)
(0.12053125 -0.9135 0.15225)
(0.126875 -0.9135 0.15225)
(0.1395625 -0.9135 0.15225)
(0.15225 -0.9135 0.15225)
(0.1649375 -0.9135 0.15225)
(0.177625 -0.9135 0.15225)
(0.025375 -0.9135 0.203)
(0.0380625 -0.9135 0.203)
(0.05075 -0.9135 0.203)
(0.0634375 -0.9135 0.203)
(0.076125 -0.9135 0.203)
(0.08246875 -0.9135 0.203)
(0.0888125 -0.9135 0.203)
(0.09515625 -0.9135 0.203)
(0.1015 -0.9135 0.203)
(0.10784375 -0.9135 0.203)
(0.1141875 -0.9135 0.203)
(0.12053125 -0.9135 0.203)
(0.126875 -0.9135 0.203)
(0.1395625 -0.9135 0.203)
(0.15225 -0.9135 0.203)
(0.1649375 -0.9135 0.203)
(0.177625 -0.9135 0.203)
)

