x[mm]   y[mm]   z[mm]   U[m/s]  V[m/s]  W[m/s]  urms[m/s]       vrms[m/s]       wrms[m/s]       uv[m2/s2]       uw[m2/s2]       uuu[m3/s3]      vvv[m3/s3]      www[m3/s3]      uuv[m3/s3]      uuw[m3/s3]      uvv[m3/s3]      uww[m3/s3]
87.000	0.000	28.000	42.970	0.321	-1.251	2.914	2.122	2.791	-0.144	3.035	-48.824	-3.523	-31.342	0.235	-26.226	-9.567	-23.992
87.000	0.000	38.000	34.672	0.213	-0.419	7.075	4.810	5.245	0.197	17.899	-488.282	11.427	-150.425	4.475	-211.952	-106.533	-166.606
87.000	0.000	48.000	17.315	0.035	0.477	10.142	8.407	8.288	-0.901	38.651	-530.799	-14.172	-159.187	1.839	-209.303	-199.624	-187.050
87.000	0.000	58.000	-1.220	-0.249	-2.454	10.695	8.910	8.850	-0.719	28.452	354.965	14.973	232.448	25.328	214.964	29.572	173.359
87.000	0.000	68.000	-9.983	-0.219	-4.290	7.420	6.779	6.799	-0.624	3.009	260.199	8.056	130.132	4.270	84.617	72.971	87.614
87.000	0.000	78.000	-12.393	-0.065	-4.841	5.882	5.367	5.450	-0.498	-0.166	93.207	-2.269	28.904	-3.328	20.550	36.825	29.027
87.000	0.000	88.000	-12.867	-0.075	-4.921	5.179	4.842	4.803	-0.102	-0.907	39.264	1.463	11.439	1.671	1.066	24.353	9.275
87.000	0.000	98.000	-12.725	-0.219	-4.622	4.930	4.694	4.468	-0.331	-1.346	7.135	3.492	10.134	0.467	3.104	10.481	4.585
87.000	0.000	108.000	-12.605	-0.212	-4.302	4.815	4.626	4.292	-0.553	-1.707	-4.200	-0.505	11.847	1.532	-2.946	8.168	-1.454
87.000	0.000	118.000	-12.350	-0.232	-3.751	4.875	4.512	4.139	-0.005	-2.355	-13.450	-1.699	17.563	-1.386	-1.423	6.867	-4.802
87.000	0.000	128.000	-12.033	-0.217	-3.090	4.912	4.433	4.106	-0.152	-3.240	-16.608	-2.216	17.592	-1.540	0.362	2.254	-7.585
87.000	0.000	138.000	-11.333	-0.227	-2.582	5.060	4.536	4.177	-0.516	-4.012	-20.706	3.653	21.483	1.780	4.018	2.933	-8.976
87.000	0.000	148.000	-10.733	-0.274	-2.076	5.099	4.473	4.120	-0.156	-4.383	-23.173	-0.878	18.179	-1.215	2.882	-0.316	-10.125
87.000	0.000	158.000	-9.913	-0.215	-1.666	5.239	4.427	4.134	-0.506	-5.265	-35.809	3.728	21.616	-2.248	9.165	-1.773	-9.330
87.000	0.000	168.000	-9.025	-0.174	-1.107	5.285	4.466	4.142	-0.416	-5.910	-34.897	0.532	22.180	-0.095	14.900	-2.230	-13.107
87.000	0.000	178.000	-8.052	-0.127	-0.761	5.248	4.389	4.094	-0.511	-5.834	-36.842	3.435	23.747	1.899	14.376	-3.172	-12.289
87.000	0.000	188.000	-6.746	-0.287	-0.445	5.141	4.308	4.115	-0.087	-5.554	-43.248	2.020	26.900	2.504	18.568	-4.573	-12.812
87.000	0.000	198.000	-5.519	-0.099	-0.142	5.188	4.278	4.113	-0.225	-6.127	-51.704	0.748	29.045	1.826	23.836	-6.697	-17.252
87.000	0.000	208.000	-4.275	-0.159	-0.106	4.969	4.205	4.127	0.094	-6.056	-56.200	-1.364	28.455	6.661	26.171	-8.561	-17.234
87.000	0.000	218.000	-2.768	-0.141	-0.181	4.801	4.058	4.006	-0.412	-5.592	-64.350	1.165	26.019	-1.982	30.587	-5.169	-19.478
87.000	0.000	228.000	-1.481	-0.066	-0.177	4.620	4.092	3.926	-0.170	-5.598	-77.208	-0.064	23.557	1.895	34.679	-8.105	-21.931
87.000	0.000	238.000	-0.099	0.057	-0.156	4.340	4.033	3.817	-0.130	-4.819	-60.005	3.003	18.946	-1.227	25.741	-6.892	-14.324
87.000	0.000	248.000	1.288	-0.011	-0.176	3.890	4.028	3.763	0.389	-4.705	-44.232	2.103	11.403	-1.406	18.863	-8.312	-10.506
87.000	0.000	258.000	2.766	0.076	-0.345	3.897	4.088	3.802	-0.126	-4.507	22.234	-2.986	-1.484	1.420	9.324	-5.751	-5.864
87.000	0.000	268.000	4.418	-0.018	-0.741	3.845	4.288	4.091	-0.172	-6.161	-5.090	-2.901	-23.834	0.004	-7.806	-5.585	6.023
87.000	0.000	278.000	7.048	-0.022	-1.427	4.454	4.641	4.717	0.058	-9.751	30.138	7.185	-64.700	2.932	-24.830	0.733	28.681
87.000	0.000	288.000	11.003	0.131	-2.602	5.346	5.215	5.473	-0.649	-13.670	57.345	-2.697	-77.660	3.551	-34.899	19.118	37.198
87.000	0.000	298.000	16.489	0.135	-3.847	6.311	6.096	6.193	0.129	-19.452	62.800	-7.660	-60.349	-4.035	-33.538	30.617	33.997
87.000	0.000	308.000	23.495	0.108	-5.332	6.701	6.659	6.237	-0.346	-21.565	-21.737	0.143	38.259	4.170	18.985	7.515	-28.623
87.000	0.000	318.000	31.954	0.003	-6.401	6.452	6.279	5.624	0.025	-19.452	-160.869	11.697	110.255	0.473	91.523	-52.338	-89.035
87.000	0.000	328.000	39.721	-0.020	-7.244	4.545	4.495	4.017	0.408	-9.612	-152.283	3.177	85.990	-5.041	83.438	-64.584	-73.040
87.000	0.000	338.000	43.366	-0.021	-7.425	1.995	2.136	2.323	0.219	-1.449	-17.422	-1.016	22.307	-1.221	13.423	-12.911	-12.967
87.000	0.000	348.000	43.581	-0.034	-7.242	1.147	0.913	1.297	-0.012	-0.025	-0.669	-0.587	2.977	-0.067	0.716	-0.598	-0.389
87.000	0.000	368.000	43.201	0.216	-6.629	0.624	0.425	0.630	-0.006	0.016	-0.049	-0.019	0.138	-0.006	0.022	-0.002	0.004
87.000	0.000	388.000	42.865	0.144	-6.035	0.484	0.330	0.434	-0.001	0.019	-0.062	-0.019	0.024	-0.006	0.002	-0.003	0.001
87.000	0.000	408.000	42.639	0.078	-5.419	0.432	0.298	0.344	-0.002	0.020	-0.057	-0.014	0.011	-0.006	-0.004	-0.005	-0.001
87.000	0.000	428.000	42.463	-0.006	-4.874	0.411	0.276	0.311	-0.002	0.020	-0.059	-0.016	0.017	-0.006	-0.003	-0.004	0.000
87.000	0.000	458.000	42.188	0.044	-4.338	0.386	0.259	0.303	-0.002	0.020	-0.070	-0.014	0.015	-0.006	-0.004	-0.003	-0.002
87.000	0.000	488.000	41.964	0.255	-3.812	0.393	0.256	0.298	-0.002	0.018	-0.080	-0.012	0.012	-0.005	-0.004	-0.002	-0.003
87.000	0.000	518.000	41.767	0.320	-3.219	0.393	0.248	0.271	-0.002	0.017	-0.075	-0.016	0.008	-0.005	-0.003	-0.003	-0.001
87.000	0.000	558.000	41.552	0.453	-2.610	0.388	0.241	0.283	-0.001	0.014	-0.062	-0.012	0.014	-0.004	-0.001	-0.003	-0.001
87.000	0.000	598.000	41.338	0.472	-2.161	0.400	0.241	0.292	-0.001	0.016	-0.065	-0.013	0.009	-0.005	-0.002	-0.002	-0.001
87.000	0.000	638.000	41.330	0.183	-1.819	0.393	0.247	0.278	-0.003	0.014	-0.058	-0.018	0.007	-0.006	-0.002	-0.005	-0.002
87.000	0.000	688.000	41.305	-0.004	-1.545	0.396	0.236	0.268	-0.001	0.015	-0.057	-0.012	0.005	-0.005	-0.002	-0.002	-0.001
87.000	0.000	738.000	41.169	-0.366	-1.233	0.396	0.229	0.250	-0.002	0.012	-0.056	-0.009	0.007	-0.004	-0.001	-0.002	-0.002
