# Profile of u_m_vel. at x/H= 4.0 z/H= .0
#   y (mm)    u_m_vel.(m/s)     29 points
  5.000E-01   9.330E+00
  1.000E+00   1.018E+01
  2.000E+00   1.066E+01
  4.000E+00   1.173E+01
  6.000E+00   1.264E+01
  8.000E+00   1.338E+01
  1.000E+01   1.393E+01
  1.200E+01   1.451E+01
  1.400E+01   1.489E+01
  1.600E+01   1.538E+01
  1.800E+01   1.590E+01
  2.000E+01   1.628E+01
  2.200E+01   1.673E+01
  2.400E+01   1.727E+01
  2.500E+01   1.757E+01
  2.600E+01   1.794E+01
  2.800E+01   1.872E+01
  3.000E+01   1.937E+01
  3.200E+01   1.999E+01
  3.400E+01   2.056E+01
  3.600E+01   2.066E+01
  3.800E+01   2.064E+01
  4.000E+01   2.052E+01
  4.200E+01   2.003E+01
  4.400E+01   1.919E+01
  4.600E+01   1.767E+01
  4.800E+01   1.530E+01
  4.900E+01   1.326E+01
  4.950E+01   9.846E+00
