0.0244 	1.02 	1 	0.213425 	-0.00347235 	0
0.0244 	1.04 	1 	0.332339 	-0.00527509 	0
0.0244 	1.06 	1 	0.444642 	-0.00601261 	0
0.0244 	1.09 	1 	0.613098 	-0.00711889 	0
0.0244 	1.11 	1 	0.683812 	-0.00658023 	0
0.0244 	1.14 	1 	0.719633 	-0.00404237 	0
0.0244 	1.16 	1 	0.740372 	-0.00319172 	0
0.0244 	1.19 	1 	0.767214 	-0.00265458 	0
0.0244 	1.21 	1 	0.785109 	-0.00229648 	0
0.0244 	1.23 	1 	0.801741 	-0.00209649 	0
0.0244 	1.26 	1 	0.81998 	-0.00265014 	0
0.0244 	1.28 	1 	0.831574 	-0.00298653 	0
0.0244 	1.31 	1 	0.846766 	-0.00329916 	0
0.0244 	1.33 	1 	0.856893 	-0.00350757 	0
0.0244 	1.36 	1 	0.871119 	-0.00377 	0
0.0244 	1.38 	1 	0.87919 	-0.00386372 	0
0.0244 	1.41 	1 	0.890697 	-0.00397784 	0
0.0244 	1.43 	1 	0.897648 	-0.00406489 	0
0.0244 	1.45 	1 	0.904598 	-0.00415195 	0
0.0244 	1.48 	1 	0.914772 	-0.0042848 	0
0.0244 	1.5 	1 	0.920578 	-0.00438216 	0
0.0244 	1.53 	1 	0.929041 	-0.00448171 	0
0.0244 	1.55 	1 	0.933991 	-0.00453629 	0
0.0244 	1.58 	1 	0.941416 	-0.00461816 	0
0.0244 	1.6 	1 	0.946366 	-0.00467274 	0
0.0244 	1.63 	1 	0.952457 	-0.00473296 	0
0.0244 	1.65 	1 	0.956475 	-0.00474995 	0
0.0244 	1.67 	1 	0.959728 	-0.00474302 	0
0.0244 	1.7 	1 	0.964608 	-0.00473262 	0
0.0244 	1.72 	1 	0.967861 	-0.00472569 	0
0.0244 	1.75 	1 	0.971707 	-0.00468408 	0
0.0244 	1.77 	1 	0.974114 	-0.00462814 	0
0.0244 	1.8 	1 	0.976868 	-0.00453592 	0
0.0244 	1.82 	1 	0.978606 	-0.00447348 	0
0.0244 	1.85 	1 	0.981213 	-0.00437983 	0
0.0244 	1.87 	1 	0.982261 	-0.00431003 	0
0.0244 	1.89 	1 	0.98329 	-0.00422472 	0
0.0244 	1.92 	1 	0.984278 	-0.004088 	0
0.0244 	1.94 	1 	0.984768 	-0.00399652 	0
0.0244 	1.97 	1 	0.985504 	-0.0038593 	0
0.0244 	1.99 	1 	0.985589 	-0.00376494 	0
0.0244 	2.02 	1 	0.985485 	-0.00360424 	0
0.0244 	2.04 	1 	0.984901 	-0.00349567 	0
0.0244 	2.07 	1 	0.983806 	-0.00333467 	0
0.0244 	2.09 	1 	0.983076 	-0.00322733 	0
0.0244 	2.12 	1 	0.981328 	-0.00306639 	0
0.0244 	2.14 	1 	0.979931 	-0.00294805 	0
0.0244 	2.16 	1 	0.978008 	-0.00283085 	0
0.0244 	2.19 	1 	0.974422 	-0.00266147 	0
0.0244 	2.21 	1 	0.972031 	-0.00254854 	0
0.0244 	2.24 	1 	0.967731 	-0.00237888 	0
0.0244 	2.26 	1 	0.964354 	-0.0022594 	0
0.0244 	2.29 	1 	0.958535 	-0.00209431 	0
0.0244 	2.31 	1 	0.954188 	-0.00199863 	0
0.0244 	2.34 	1 	0.947667 	-0.00185512 	0
0.0244 	2.36 	1 	0.94286 	-0.00176655 	0
0.0244 	2.38 	1 	0.937538 	-0.00168345 	0
0.0244 	2.41 	1 	0.929109 	-0.00153383 	0
0.0244 	2.43 	1 	0.922927 	-0.00141761 	0
0.0244 	2.46 	1 	0.913654 	-0.00124327 	0
0.0244 	2.48 	1 	0.907274 	-0.00111835 	0
0.0244 	2.51 	1 	0.896663 	-0.000881158 	0
0.0244 	2.53 	1 	0.88925 	-0.000721676 	0
0.0244 	2.55 	1 	0.880943 	-0.000570833 	0
0.0244 	2.58 	1 	0.868483 	-0.000344567 	0
0.0244 	2.6 	1 	0.860175 	-0.000193724 	0
0.0244 	2.63 	1 	0.845829 	3.58301e-05 	0
0.0244 	2.65 	1 	0.83618 	0.000193601 	0
0.0244 	2.68 	1 	0.818426 	0.000482612 	0
0.0244 	2.7 	1 	0.806589 	0.000675287 	0
0.0244 	2.73 	1 	0.78834 	0.00097396 	0
0.0244 	2.75 	1 	0.774255 	0.00121056 	0
0.0244 	2.78 	1 	0.75152 	0.00155048 	0
0.0244 	2.8 	1 	0.731665 	0.00172577 	0
0.0244 	2.82 	1 	0.711811 	0.00190106 	0
0.0244 	2.85 	1 	0.68203 	0.00216399 	0
0.0244 	2.87 	1 	0.65683 	0.00228159 	0
0.0244 	2.9 	1 	0.616463 	0.00243788 	0
0.0244 	2.92 	1 	0.512403 	0.00205554 	0
0.0244 	2.95 	1 	0.356312 	0.00148203 	0
0.0244 	2.96 	1 	0.304282 	0.00129086 	0
1 	0.017 	1 	-0.0199258 	0.0019782 	0
1 	0.0413 	1 	-0.048408 	0.00480587 	0
1 	0.0609 	1 	-0.0713813 	0.00708662 	0
1 	0.0849 	1 	-0.0995118 	0.00987938 	0
1 	0.112 	1 	-0.131276 	0.0130329 	0
1 	0.134 	1 	-0.143801 	0.0152724 	0
1 	0.16 	1 	-0.135966 	0.0173719 	0
1 	0.183 	1 	-0.129035 	0.0192291 	0
1 	0.207 	1 	-0.121802 	0.0211671 	0
1 	0.233 	1 	-0.113967 	0.0232666 	0
1 	0.256 	1 	-0.106908 	0.0249575 	0
1 	0.281 	1 	-0.0988409 	0.0262831 	0
1 	0.305 	1 	-0.0910966 	0.0275557 	0
1 	0.331 	1 	-0.082707 	0.0289344 	0
1 	0.355 	1 	-0.0749628 	0.030207 	0
1 	0.378 	1 	-0.0674739 	0.0313297 	0
1 	0.404 	1 	-0.0585016 	0.0318686 	0
1 	0.429 	1 	-0.0498744 	0.0323868 	0
1 	0.452 	1 	-0.0419373 	0.0328635 	0
1 	0.476 	1 	-0.0336552 	0.033361 	0
1 	0.502 	1 	-0.0245667 	0.0338165 	0
1 	0.525 	1 	-0.0152946 	0.0333335 	0
1 	0.55 	1 	-0.00521622 	0.0328085 	0
1 	0.575 	1 	0.00486218 	0.0322835 	0
1 	0.599 	1 	0.0145374 	0.0317795 	0
1 	0.623 	1 	0.0242127 	0.0312755 	0
1 	0.648 	1 	0.0382623 	0.0296395 	0
1 	0.673 	1 	0.0526572 	0.0279068 	0
1 	0.697 	1 	0.0664763 	0.0262434 	0
1 	0.721 	1 	0.0802954 	0.0245801 	0
1 	0.746 	1 	0.0946903 	0.0228474 	0
1 	0.77 	1 	0.118595 	0.0194823 	0
1 	0.795 	1 	0.145597 	0.0156225 	0
1 	0.819 	1 	0.171518 	0.0119171 	0
1 	0.844 	1 	0.19852 	0.00805724 	0
1 	0.868 	1 	0.224442 	0.00435181 	0
1 	0.892 	1 	0.263784 	0.000672011 	0
1 	0.917 	1 	0.310521 	-0.00315012 	0
1 	0.942 	1 	0.357258 	-0.00697226 	0
1 	0.966 	1 	0.402126 	-0.0106415 	0
1 	0.991 	1 	0.448864 	-0.0144636 	0
1 	1.01 	1 	0.483849 	-0.015995 	0
1 	1.04 	1 	0.538329 	-0.0164612 	0
1 	1.06 	1 	0.574649 	-0.0167719 	0
1 	1.09 	1 	0.629128 	-0.0172381 	0
1 	1.11 	1 	0.665448 	-0.0175488 	0
1 	1.14 	1 	0.707645 	-0.0175417 	0
1 	1.16 	1 	0.727587 	-0.0172215 	0
1 	1.19 	1 	0.7575 	-0.0167411 	0
1 	1.21 	1 	0.777442 	-0.0164208 	0
1 	1.24 	1 	0.807355 	-0.0159404 	0
1 	1.26 	1 	0.822522 	-0.0158792 	0
1 	1.28 	1 	0.832913 	-0.0160769 	0
1 	1.31 	1 	0.8485 	-0.0163736 	0
1 	1.33 	1 	0.858891 	-0.0165713 	0
1 	1.36 	1 	0.874478 	-0.016868 	0
1 	1.38 	1 	0.883919 	-0.0170057 	0
1 	1.41 	1 	0.893805 	-0.016942 	0
1 	1.43 	1 	0.900396 	-0.0168996 	0
1 	1.45 	1 	0.906986 	-0.0168572 	0
1 	1.48 	1 	0.916873 	-0.0167936 	0
1 	1.5 	1 	0.923463 	-0.0167512 	0
1 	1.53 	1 	0.930103 	-0.0167359 	0
1 	1.55 	1 	0.93453 	-0.0167258 	0
1 	1.58 	1 	0.94117 	-0.0167105 	0
1 	1.6 	1 	0.945597 	-0.0167004 	0
1 	1.63 	1 	0.951818 	-0.0166569 	0
1 	1.65 	1 	0.954572 	-0.016534 	0
1 	1.67 	1 	0.957325 	-0.016411 	0
1 	1.7 	1 	0.961456 	-0.0162266 	0
1 	1.72 	1 	0.964209 	-0.0161036 	0
1 	1.75 	1 	0.968339 	-0.0159192 	0
1 	1.77 	1 	0.969714 	-0.0157515 	0
1 	1.8 	1 	0.971776 	-0.0155 	0
1 	1.82 	1 	0.97315 	-0.0153323 	0
1 	1.85 	1 	0.975212 	-0.0150808 	0
1 	1.87 	1 	0.976587 	-0.0149131 	0
1 	1.89 	1 	0.977122 	-0.014716 	0
1 	1.92 	1 	0.977505 	-0.0144055 	0
1 	1.94 	1 	0.97776 	-0.0141985 	0
1 	1.97 	1 	0.978143 	-0.013888 	0
1 	1.99 	1 	0.978399 	-0.013681 	0
1 	2.02 	1 	0.977626 	-0.0133403 	0
1 	2.04 	1 	0.976726 	-0.0131031 	0
1 	2.07 	1 	0.975377 	-0.0127474 	0
1 	2.09 	1 	0.974477 	-0.0125102 	0
1 	2.11 	1 	0.973577 	-0.0122731 	0
1 	2.14 	1 	0.971042 	-0.0118951 	0
1 	2.16 	1 	0.968562 	-0.0116282 	0
1 	2.19 	1 	0.964843 	-0.011228 	0
1 	2.21 	1 	0.962363 	-0.0109612 	0
1 	2.24 	1 	0.958643 	-0.0105609 	0
1 	2.26 	1 	0.955188 	-0.0102859 	0
1 	2.29 	1 	0.94854 	-0.00986117 	0
1 	2.31 	1 	0.944109 	-0.00957801 	0
1 	2.33 	1 	0.939677 	-0.00929484 	0
1 	2.36 	1 	0.93303 	-0.0088701 	0
1 	2.38 	1 	0.928108 	-0.00858144 	0
1 	2.41 	1 	0.918519 	-0.00812371 	0
1 	2.43 	1 	0.912127 	-0.00781856 	0
1 	2.46 	1 	0.902538 	-0.00736084 	0
1 	2.48 	1 	0.896146 	-0.00705569 	0
1 	2.51 	1 	0.885471 	-0.00658141 	0
1 	2.53 	1 	0.876906 	-0.00624315 	0
1 	2.55 	1 	0.868341 	-0.00590489 	0
1 	2.58 	1 	0.855493 	-0.0053975 	0
1 	2.6 	1 	0.846928 	-0.00505924 	0
1 	2.63 	1 	0.833295 	-0.00454854 	0
1 	2.65 	1 	0.821587 	-0.00419707 	0
1 	2.68 	1 	0.804026 	-0.00366985 	0
1 	2.7 	1 	0.792318 	-0.00331837 	0
1 	2.73 	1 	0.774757 	-0.00279116 	0
1 	2.75 	1 	0.763049 	-0.00243968 	0
1 	2.77 	1 	0.744718 	-0.00213595 	0
1 	2.8 	1 	0.717223 	-0.00168035 	0
1 	2.82 	1 	0.698892 	-0.00137662 	0
1 	2.85 	1 	0.671396 	-0.000921018 	0
1 	2.87 	1 	0.653066 	-0.000617286 	0
1 	2.9 	1 	0.518786 	-0.000433082 	0
1 	2.92 	1 	0.415029 	-0.000346466 	0
1 	2.95 	1 	0.259393 	-0.000216541 	0
1 	2.96 	1 	0.207515 	-0.000173233 	0
2.02 	0.0212 	1 	-0.0768872 	-0.000259274 	0
2.02 	0.0373 	1 	-0.103268 	-0.000144868 	0
2.02 	0.0616 	1 	-0.143084 	2.78067e-05 	0
2.02 	0.0861 	1 	-0.183228 	0.000201903 	0
2.02 	0.11 	1 	-0.211831 	0.000381133 	0
2.02 	0.134 	1 	-0.20063 	0.000589358 	0
2.02 	0.159 	1 	-0.188983 	0.000713081 	0
2.02 	0.183 	1 	-0.177617 	0.000771295 	0
2.02 	0.208 	1 	-0.165777 	0.000831934 	0
2.02 	0.232 	1 	-0.154349 	0.000850334 	0
2.02 	0.257 	1 	-0.141845 	0.00040115 	0
2.02 	0.28 	1 	-0.130211 	-3.36844e-05 	0
2.02 	0.306 	1 	-0.116538 	-0.000514737 	0
2.02 	0.33 	1 	-0.103918 	-0.000958785 	0
2.02 	0.355 	1 	-0.0907709 	-0.00142134 	0
2.02 	0.379 	1 	-0.0769329 	-0.00215572 	0
2.02 	0.403 	1 	-0.0628739 	-0.00300094 	0
2.02 	0.428 	1 	-0.0473915 	-0.00396952 	0
2.02 	0.453 	1 	-0.031909 	-0.00493811 	0
2.02 	0.477 	1 	-0.0170459 	-0.00586796 	0
2.02 	0.502 	1 	8.7462e-06 	-0.00714365 	0
2.02 	0.526 	1 	0.016894 	-0.00856515 	0
2.02 	0.551 	1 	0.0357268 	-0.0101991 	0
2.02 	0.574 	1 	0.0530529 	-0.0117023 	0
2.02 	0.6 	1 	0.072639 	-0.0134016 	0
2.02 	0.622 	1 	0.0907082 	-0.0150089 	0
2.02 	0.648 	1 	0.112898 	-0.0171074 	0
2.02 	0.673 	1 	0.136324 	-0.0193153 	0
2.02 	0.697 	1 	0.158813 	-0.021435 	0
2.02 	0.721 	1 	0.181302 	-0.0235546 	0
2.02 	0.746 	1 	0.206429 	-0.0258173 	0
2.02 	0.77 	1 	0.231601 	-0.0280979 	0
2.02 	0.795 	1 	0.260839 	-0.030504 	0
2.02 	0.818 	1 	0.287738 	-0.0327177 	0
2.02 	0.844 	1 	0.318146 	-0.03522 	0
2.02 	0.868 	1 	0.347628 	-0.0374209 	0
2.02 	0.893 	1 	0.379731 	-0.0396599 	0
2.02 	0.917 	1 	0.412584 	-0.0413461 	0
2.02 	0.943 	1 	0.44837 	-0.0431256 	0
2.02 	0.966 	1 	0.480027 	-0.0446997 	0
2.02 	0.991 	1 	0.514985 	-0.0460886 	0
2.02 	1.01 	1 	0.542132 	-0.0468462 	0
2.02 	1.04 	1 	0.582937 	-0.0474924 	0
2.02 	1.06 	1 	0.609432 	-0.0477334 	0
2.02 	1.09 	1 	0.649175 	-0.0480949 	0
2.02 	1.11 	1 	0.67493 	-0.0481837 	0
2.02 	1.14 	1 	0.710262 	-0.0476542 	0
2.02 	1.16 	1 	0.730192 	-0.0473227 	0
2.02 	1.19 	1 	0.758265 	-0.0468289 	0
2.02 	1.21 	1 	0.77698 	-0.0464996 	0
2.02 	1.23 	1 	0.795696 	-0.0461704 	0
2.02 	1.26 	1 	0.816068 	-0.0456535 	0
2.02 	1.28 	1 	0.828184 	-0.0453207 	0
2.02 	1.31 	1 	0.844116 	-0.0448112 	0
2.02 	1.33 	1 	0.854736 	-0.0444716 	0
2.02 	1.36 	1 	0.869918 	-0.0439434 	0
2.02 	1.38 	1 	0.877553 	-0.0435344 	0
2.02 	1.41 	1 	0.88799 	-0.0429712 	0
2.02 	1.43 	1 	0.894229 	-0.042613 	0
2.02 	1.46 	1 	0.903587 	-0.0420757 	0
2.02 	1.48 	1 	0.909826 	-0.0417174 	0
2.02 	1.5 	1 	0.914602 	-0.0413423 	0
2.02 	1.53 	1 	0.921385 	-0.0407924 	0
2.02 	1.55 	1 	0.925296 	-0.0404037 	0
2.02 	1.58 	1 	0.931161 	-0.0398206 	0
2.02 	1.6 	1 	0.935072 	-0.0394318 	0
2.02 	1.63 	1 	0.939744 	-0.0387459 	0
2.02 	1.65 	1 	0.942564 	-0.0382896 	0
2.02 	1.67 	1 	0.94486 	-0.037837 	0
2.02 	1.7 	1 	0.948305 	-0.0371582 	0
2.02 	1.72 	1 	0.950601 	-0.0367056 	0
2.02 	1.75 	1 	0.953307 	-0.0359871 	0
2.02 	1.77 	1 	0.95491 	-0.0355094 	0
2.02 	1.8 	1 	0.956492 	-0.0347908 	0
2.02 	1.82 	1 	0.957546 	-0.0343117 	0
2.02 	1.85 	1 	0.959128 	-0.0335931 	0
2.02 	1.87 	1 	0.959751 	-0.0330815 	0
2.02 	1.9 	1 	0.960393 	-0.0323146 	0
2.02 	1.92 	1 	0.960401 	-0.0318093 	0
2.02 	1.94 	1 	0.96041 	-0.031304 	0
2.02 	1.97 	1 	0.960422 	-0.0305461 	0
2.02 	1.99 	1 	0.960162 	-0.0300233 	0
2.02 	2.02 	1 	0.959409 	-0.029224 	0
2.02 	2.04 	1 	0.958258 	-0.0286918 	0
2.02 	2.07 	1 	0.956532 	-0.0278934 	0
2.02 	2.09 	1 	0.955381 	-0.0273611 	0
2.02 	2.11 	1 	0.954057 	-0.0268184 	0
2.02 	2.14 	1 	0.951322 	-0.0259642 	0
2.02 	2.16 	1 	0.948835 	-0.0253973 	0
2.02 	2.19 	1 	0.944764 	-0.0245457 	0
2.02 	2.21 	1 	0.94205 	-0.023978 	0
2.02 	2.24 	1 	0.937508 	-0.0231053 	0
2.02 	2.26 	1 	0.933872 	-0.0224997 	0
2.02 	2.29 	1 	0.927441 	-0.0216028 	0
2.02 	2.31 	1 	0.922819 	-0.0210067 	0
2.02 	2.34 	1 	0.915886 	-0.0201126 	0
2.02 	2.36 	1 	0.911006 	-0.019508 	0
2.02 	2.38 	1 	0.905362 	-0.0188795 	0
2.02 	2.41 	1 	0.896204 	-0.0179473 	0
2.02 	2.43 	1 	0.889607 	-0.0173277 	0
2.02 	2.46 	1 	0.879712 	-0.0163982 	0
2.02 	2.48 	1 	0.873116 	-0.0157785 	0
2.02 	2.51 	1 	0.861733 	-0.014798 	0
2.02 	2.53 	1 	0.853588 	-0.0141524 	0
2.02 	2.55 	1 	0.84486 	-0.0135111 	0
2.02 	2.58 	1 	0.831769 	-0.0125491 	0
2.02 	2.6 	1 	0.823042 	-0.0119078 	0
2.02 	2.63 	1 	0.808487 	-0.0109102 	0
2.02 	2.65 	1 	0.798191 	-0.0102471 	0
2.02 	2.68 	1 	0.780826 	-0.00926631 	0
2.02 	2.7 	1 	0.769249 	-0.00861248 	0
2.02 	2.73 	1 	0.751884 	-0.00763174 	0
2.02 	2.75 	1 	0.738611 	-0.00695266 	0
2.02 	2.77 	1 	0.725377 	-0.00627679 	0
2.02 	2.8 	1 	0.699129 	-0.00537269 	0
2.02 	2.82 	1 	0.681631 	-0.00476995 	0
2.02 	2.85 	1 	0.655383 	-0.00386585 	0
2.02 	2.87 	1 	0.634746 	-0.0032895 	0
2.02 	2.9 	1 	0.582489 	-0.00245803 	0
2.02 	2.92 	1 	0.481706 	-0.0019619 	0
2.02 	2.95 	1 	0.33053 	-0.00121771 	0
2.02 	2.96 	1 	0.280138 	-0.000969644 	0
3 	0.021 	1 	-0.0263479 	-0.00202546 	0
3 	0.041 	1 	-0.0514412 	-0.00395446 	0
3 	0.0614 	1 	-0.0770364 	-0.00592205 	0
3 	0.0862 	1 	-0.108152 	-0.00831401 	0
3 	0.111 	1 	-0.139268 	-0.010706 	0
3 	0.135 	1 	-0.151648 	-0.0127836 	0
3 	0.161 	1 	-0.138168 	-0.0146746 	0
3 	0.184 	1 	-0.126243 	-0.0163474 	0
3 	0.21 	1 	-0.112762 	-0.0182384 	0
3 	0.229 	1 	-0.102911 	-0.0196203 	0
3 	0.257 	1 	-0.0879557 	-0.0217267 	0
3 	0.28 	1 	-0.074593 	-0.0236293 	0
3 	0.306 	1 	-0.0594873 	-0.0257802 	0
3 	0.329 	1 	-0.0461246 	-0.0276828 	0
3 	0.352 	1 	-0.0327619 	-0.0295855 	0
3 	0.378 	1 	-0.0173453 	-0.0317348 	0
3 	0.405 	1 	0.00114006 	-0.0339549 	0
3 	0.428 	1 	0.0168868 	-0.0358461 	0
3 	0.452 	1 	0.0333182 	-0.0378195 	0
3 	0.476 	1 	0.0497496 	-0.0397929 	0
3 	0.503 	1 	0.06859 	-0.0419993 	0
3 	0.526 	1 	0.0870596 	-0.0437857 	0
3 	0.55 	1 	0.106332 	-0.0456498 	0
3 	0.575 	1 	0.126408 	-0.0475916 	0
3 	0.6 	1 	0.146483 	-0.0495334 	0
3 	0.624 	1 	0.165756 	-0.0513975 	0
3 	0.649 	1 	0.188832 	-0.053142 	0
3 	0.672 	1 	0.210177 	-0.0547395 	0
3 	0.697 	1 	0.233378 	-0.0564758 	0
3 	0.721 	1 	0.255651 	-0.0581427 	0
3 	0.746 	1 	0.278852 	-0.059879 	0
3 	0.769 	1 	0.302412 	-0.0611943 	0
3 	0.796 	1 	0.330617 	-0.0626685 	0
3 	0.819 	1 	0.354643 	-0.0639244 	0
3 	0.843 	1 	0.379713 	-0.0652348 	0
3 	0.868 	1 	0.405828 	-0.0665998 	0
3 	0.893 	1 	0.433171 	-0.0675276 	0
3 	0.917 	1 	0.459878 	-0.0682551 	0
3 	0.942 	1 	0.487698 	-0.0690128 	0
3 	0.965 	1 	0.513293 	-0.0697099 	0
3 	0.991 	1 	0.542226 	-0.070498 	0
3 	1.01 	1 	0.562762 	-0.0707611 	0
3 	1.04 	1 	0.594323 	-0.0707319 	0
3 	1.06 	1 	0.615364 	-0.0707125 	0
3 	1.09 	1 	0.646926 	-0.0706834 	0
3 	1.11 	1 	0.667967 	-0.070664 	0
3 	1.14 	1 	0.695958 	-0.0702864 	0
3 	1.16 	1 	0.712238 	-0.0698024 	0
3 	1.19 	1 	0.736658 	-0.0690764 	0
3 	1.21 	1 	0.752938 	-0.0685924 	0
3 	1.24 	1 	0.777358 	-0.0678664 	0
3 	1.26 	1 	0.790651 	-0.067312 	0
3 	1.28 	1 	0.800957 	-0.0666872 	0
3 	1.31 	1 	0.816416 	-0.0657499 	0
3 	1.33 	1 	0.826722 	-0.0651251 	0
3 	1.36 	1 	0.842181 	-0.0641879 	0
3 	1.38 	1 	0.851427 	-0.0635591 	0
3 	1.41 	1 	0.86052 	-0.0625983 	0
3 	1.43 	1 	0.866583 	-0.0619578 	0
3 	1.45 	1 	0.872645 	-0.0613172 	0
3 	1.48 	1 	0.881739 	-0.0603564 	0
3 	1.5 	1 	0.887801 	-0.0597159 	0
3 	1.53 	1 	0.893232 	-0.0587084 	0
3 	1.55 	1 	0.896853 	-0.0580368 	0
3 	1.58 	1 	0.902284 	-0.0570293 	0
3 	1.6 	1 	0.905905 	-0.0563576 	0
3 	1.63 	1 	0.910943 	-0.0553424 	0
3 	1.65 	1 	0.912994 	-0.0546395 	0
3 	1.67 	1 	0.915043 	-0.0539366 	0
3 	1.7 	1 	0.918119 	-0.0528822 	0
3 	1.72 	1 	0.920168 	-0.0521793 	0
3 	1.75 	1 	0.923243 	-0.051125 	0
3 	1.77 	1 	0.924123 	-0.0504029 	0
3 	1.8 	1 	0.925442 	-0.0493197 	0
3 	1.82 	1 	0.926322 	-0.0485976 	0
3 	1.85 	1 	0.927641 	-0.0475144 	0
3 	1.87 	1 	0.92852 	-0.0467923 	0
3 	1.89 	1 	0.928612 	-0.0460551 	0
3 	1.92 	1 	0.928355 	-0.0449416 	0
3 	1.94 	1 	0.928183 	-0.0441993 	0
3 	1.97 	1 	0.927926 	-0.0430859 	0
3 	1.99 	1 	0.927754 	-0.0423436 	0
3 	2.02 	1 	0.926272 	-0.0411996 	0
3 	2.04 	1 	0.924876 	-0.0404268 	0
3 	2.07 	1 	0.922782 	-0.0392677 	0
3 	2.09 	1 	0.921385 	-0.0384949 	0
3 	2.12 	1 	0.919291 	-0.0373357 	0
3 	2.14 	1 	0.916704 	-0.0365335 	0
3 	2.16 	1 	0.913721 	-0.0357215 	0
3 	2.19 	1 	0.909245 	-0.0345036 	0
3 	2.21 	1 	0.906261 	-0.0336916 	0
3 	2.24 	1 	0.901786 	-0.0324737 	0
3 	2.26 	1 	0.897873 	-0.0316451 	0
3 	2.29 	1 	0.89061 	-0.0303771 	0
3 	2.31 	1 	0.885767 	-0.0295319 	0
3 	2.34 	1 	0.878504 	-0.0282639 	0
3 	2.36 	1 	0.873662 	-0.0274186 	0
3 	2.38 	1 	0.868339 	-0.0265671 	0
3 	2.41 	1 	0.858189 	-0.0252619 	0
3 	2.43 	1 	0.851422 	-0.0243918 	0
3 	2.46 	1 	0.841272 	-0.0230866 	0
3 	2.48 	1 	0.834506 	-0.0222165 	0
3 	2.51 	1 	0.823329 	-0.0209045 	0
3 	2.53 	1 	0.814509 	-0.0200208 	0
3 	2.55 	1 	0.805688 	-0.0191372 	0
3 	2.58 	1 	0.792458 	-0.0178117 	0
3 	2.6 	1 	0.783637 	-0.016928 	0
3 	2.63 	1 	0.769738 	-0.0155997 	0
3 	2.65 	1 	0.758242 	-0.014705 	0
3 	2.68 	1 	0.740998 	-0.0133629 	0
3 	2.7 	1 	0.729502 	-0.0124682 	0
3 	2.73 	1 	0.712258 	-0.0111261 	0
3 	2.75 	1 	0.700762 	-0.0102314 	0
3 	2.78 	1 	0.67533 	-0.00896114 	0
3 	2.8 	1 	0.658376 	-0.00811433 	0
3 	2.82 	1 	0.641421 	-0.00726752 	0
3 	2.85 	1 	0.61599 	-0.00599731 	0
3 	2.87 	1 	0.599036 	-0.0051505 	0
3 	2.9 	1 	0.475838 	-0.00395104 	0
3 	2.92 	1 	0.38067 	-0.00316083 	0
3 	2.95 	1 	0.237919 	-0.00197552 	0
3 	2.96 	1 	0.190335 	-0.00158041 	0
4.02 	0.0203 	1 	-0.0269411 	-0.00349506 	0
4.02 	0.0383 	1 	-0.035496 	-0.00571375 	0
4.02 	0.0616 	1 	-0.0465699 	-0.00858571 	0
4.02 	0.0862 	1 	-0.0582616 	-0.0116179 	0
4.02 	0.111 	1 	-0.0642474 	-0.0143798 	0
4.02 	0.135 	1 	-0.0524429 	-0.0161621 	0
4.02 	0.159 	1 	-0.0405701 	-0.0180682 	0
4.02 	0.184 	1 	-0.0281589 	-0.0201419 	0
4.02 	0.207 	1 	-0.0167406 	-0.0220496 	0
4.02 	0.232 	1 	-0.00433059 	-0.0241377 	0
4.02 	0.257 	1 	0.00807138 	-0.0263971 	0
4.02 	0.281 	1 	0.0204391 	-0.0285846 	0
4.02 	0.306 	1 	0.0338721 	-0.0308712 	0
4.02 	0.331 	1 	0.0473051 	-0.0331577 	0
4.02 	0.355 	1 	0.0602007 	-0.0353528 	0
4.02 	0.379 	1 	0.0738817 	-0.0375387 	0
4.02 	0.403 	1 	0.0879969 	-0.0397008 	0
4.02 	0.428 	1 	0.103556 	-0.0418616 	0
4.02 	0.452 	1 	0.118493 	-0.0439361 	0
4.02 	0.477 	1 	0.134052 	-0.0460969 	0
4.02 	0.502 	1 	0.150516 	-0.0481135 	0
4.02 	0.525 	1 	0.166067 	-0.0499433 	0
4.02 	0.55 	1 	0.184005 	-0.0517971 	0
4.02 	0.574 	1 	0.201225 	-0.0535768 	0
4.02 	0.598 	1 	0.218445 	-0.0553565 	0
4.02 	0.623 	1 	0.237096 	-0.0570612 	0
4.02 	0.648 	1 	0.256206 	-0.058717 	0
4.02 	0.672 	1 	0.275601 	-0.0601354 	0
4.02 	0.697 	1 	0.295804 	-0.0616129 	0
4.02 	0.721 	1 	0.315199 	-0.0630313 	0
4.02 	0.747 	1 	0.336772 	-0.0644032 	0
4.02 	0.771 	1 	0.357029 	-0.0656111 	0
4.02 	0.795 	1 	0.378181 	-0.0665915 	0
4.02 	0.819 	1 	0.399333 	-0.067572 	0
4.02 	0.844 	1 	0.421366 	-0.0685933 	0
4.02 	0.868 	1 	0.442764 	-0.0694259 	0
4.02 	0.893 	1 	0.465289 	-0.0701899 	0
4.02 	0.917 	1 	0.487188 	-0.070676 	0
4.02 	0.941 	1 	0.509111 	-0.0711387 	0
4.02 	0.966 	1 	0.531947 	-0.0716208 	0
4.02 	0.991 	1 	0.554678 	-0.0719658 	0
4.02 	1.01 	1 	0.571855 	-0.0721098 	0
4.02 	1.04 	1 	0.598183 	-0.0721276 	0
4.02 	1.06 	1 	0.615469 	-0.0720629 	0
4.02 	1.09 	1 	0.641398 	-0.0719657 	0
4.02 	1.11 	1 	0.658387 	-0.0718438 	0
4.02 	1.14 	1 	0.682525 	-0.0714248 	0
4.02 	1.16 	1 	0.697103 	-0.07105 	0
4.02 	1.19 	1 	0.718215 	-0.0704329 	0
4.02 	1.21 	1 	0.732289 	-0.0700216 	0
4.02 	1.23 	1 	0.746364 	-0.0696102 	0
4.02 	1.26 	1 	0.764081 	-0.068809 	0
4.02 	1.28 	1 	0.774776 	-0.0682672 	0
4.02 	1.31 	1 	0.78916 	-0.0674149 	0
4.02 	1.33 	1 	0.798749 	-0.0668467 	0
4.02 	1.36 	1 	0.812555 	-0.0659853 	0
4.02 	1.38 	1 	0.819831 	-0.0653872 	0
4.02 	1.41 	1 	0.829611 	-0.0644932 	0
4.02 	1.43 	1 	0.835388 	-0.0638786 	0
4.02 	1.45 	1 	0.841165 	-0.0632641 	0
4.02 	1.48 	1 	0.84983 	-0.0623423 	0
4.02 	1.5 	1 	0.854076 	-0.0617053 	0
4.02 	1.53 	1 	0.85998 	-0.060769 	0
4.02 	1.55 	1 	0.863324 	-0.0601179 	0
4.02 	1.58 	1 	0.868339 	-0.0591412 	0
4.02 	1.6 	1 	0.871683 	-0.0584901 	0
4.02 	1.63 	1 	0.875536 	-0.0574871 	0
4.02 	1.65 	1 	0.877789 	-0.0568259 	0
4.02 	1.67 	1 	0.879595 	-0.0561377 	0
4.02 	1.7 	1 	0.882304 	-0.0551055 	0
4.02 	1.72 	1 	0.884109 	-0.0544173 	0
4.02 	1.75 	1 	0.886185 	-0.0533628 	0
4.02 	1.77 	1 	0.887344 	-0.0526756 	0
4.02 	1.8 	1 	0.88834 	-0.0515943 	0
4.02 	1.82 	1 	0.889003 	-0.0508734 	0
4.02 	1.85 	1 	0.889999 	-0.0497921 	0
4.02 	1.87 	1 	0.890264 	-0.049055 	0
4.02 	1.9 	1 	0.890313 	-0.0479591 	0
4.02 	1.92 	1 	0.88989 	-0.0472022 	0
4.02 	1.94 	1 	0.889468 	-0.0464452 	0
4.02 	1.97 	1 	0.888833 	-0.0453099 	0
4.02 	1.99 	1 	0.888118 	-0.04454 	0
4.02 	2.02 	1 	0.886598 	-0.0433856 	0
4.02 	2.04 	1 	0.884884 	-0.0425838 	0
4.02 	2.07 	1 	0.882312 	-0.0413812 	0
4.02 	2.09 	1 	0.880598 	-0.0405795 	0
4.02 	2.11 	1 	0.878697 	-0.0397702 	0
4.02 	2.14 	1 	0.875003 	-0.0385358 	0
4.02 	2.16 	1 	0.871903 	-0.0376946 	0
4.02 	2.19 	1 	0.866937 	-0.0364192 	0
4.02 	2.21 	1 	0.863626 	-0.035569 	0
4.02 	2.24 	1 	0.858215 	-0.0342795 	0
4.02 	2.26 	1 	0.854011 	-0.0334087 	0
4.02 	2.29 	1 	0.846809 	-0.0320868 	0
4.02 	2.31 	1 	0.841711 	-0.0311964 	0
4.02 	2.34 	1 	0.834063 	-0.0298608 	0
4.02 	2.36 	1 	0.828734 	-0.0289654 	0
4.02 	2.38 	1 	0.822709 	-0.0280582 	0
4.02 	2.41 	1 	0.812987 	-0.0266963 	0
4.02 	2.43 	1 	0.806054 	-0.0257777 	0
4.02 	2.46 	1 	0.795656 	-0.0243998 	0
4.02 	2.48 	1 	0.788724 	-0.0234812 	0
4.02 	2.51 	1 	0.776937 	-0.0220875 	0
4.02 	2.53 	1 	0.76856 	-0.0211609 	0
4.02 	2.56 	1 	0.755223 	-0.0197642 	0
4.02 	2.58 	1 	0.746332 	-0.018833 	0
4.02 	2.6 	1 	0.73744 	-0.0179019 	0
4.02 	2.63 	1 	0.722805 	-0.0165048 	0
4.02 	2.65 	1 	0.712493 	-0.0155764 	0
4.02 	2.68 	1 	0.695335 	-0.0141673 	0
4.02 	2.7 	1 	0.683896 	-0.0132279 	0
4.02 	2.73 	1 	0.666739 	-0.0118188 	0
4.02 	2.75 	1 	0.653806 	-0.0108729 	0
4.02 	2.78 	1 	0.632603 	-0.00948561 	0
4.02 	2.8 	1 	0.616079 	-0.0085916 	0
4.02 	2.82 	1 	0.599555 	-0.00769758 	0
4.02 	2.85 	1 	0.574768 	-0.00635656 	0
4.02 	2.87 	1 	0.555595 	-0.00550323 	0
4.02 	2.9 	1 	0.50846 	-0.00424443 	0
4.02 	2.92 	1 	0.420228 	-0.00339613 	0
4.02 	2.95 	1 	0.287879 	-0.00212367 	0
4.02 	2.96 	1 	0.243763 	-0.00169952 	0
5 	0.0213 	1 	0.0065511 	-0.00251838 	0
5 	0.0375 	1 	0.0115336 	-0.00443376 	0
5 	0.0603 	1 	0.0185461 	-0.00712949 	0
5 	0.0859 	1 	0.0264197 	-0.0101563 	0
5 	0.11 	1 	0.033832 	-0.0130057 	0
5 	0.135 	1 	0.0429629 	-0.0154304 	0
5 	0.158 	1 	0.0533531 	-0.0169282 	0
5 	0.183 	1 	0.0646468 	-0.0185562 	0
5 	0.208 	1 	0.0759404 	-0.0201843 	0
5 	0.233 	1 	0.0872341 	-0.0218123 	0
5 	0.256 	1 	0.0977322 	-0.0233766 	0
5 	0.282 	1 	0.109945 	-0.0253577 	0
5 	0.306 	1 	0.121218 	-0.0271864 	0
5 	0.329 	1 	0.132022 	-0.028939 	0
5 	0.354 	1 	0.143765 	-0.0308439 	0
5 	0.379 	1 	0.155784 	-0.0327365 	0
5 	0.404 	1 	0.169252 	-0.0345641 	0
5 	0.428 	1 	0.182181 	-0.0363187 	0
5 	0.452 	1 	0.19511 	-0.0380732 	0
5 	0.476 	1 	0.208039 	-0.0398277 	0
5 	0.502 	1 	0.222195 	-0.0417044 	0
5 	0.525 	1 	0.236307 	-0.0431087 	0
5 	0.551 	1 	0.25226 	-0.0446961 	0
5 	0.574 	1 	0.266371 	-0.0461003 	0
5 	0.598 	1 	0.281097 	-0.0475657 	0
5 	0.623 	1 	0.296436 	-0.049092 	0
5 	0.648 	1 	0.31335 	-0.0503001 	0
5 	0.674 	1 	0.331084 	-0.0515276 	0
5 	0.697 	1 	0.346771 	-0.0526136 	0
5 	0.721 	1 	0.36314 	-0.0537467 	0
5 	0.746 	1 	0.380191 	-0.054927 	0
5 	0.771 	1 	0.398352 	-0.0557785 	0
5 	0.795 	1 	0.41599 	-0.0565358 	0
5 	0.819 	1 	0.433627 	-0.0572931 	0
5 	0.844 	1 	0.452 	-0.0580819 	0
5 	0.867 	1 	0.468903 	-0.0588076 	0
5 	0.893 	1 	0.488415 	-0.0593192 	0
5 	0.917 	1 	0.506593 	-0.0596648 	0
5 	0.942 	1 	0.525529 	-0.0600248 	0
5 	0.966 	1 	0.543707 	-0.0603704 	0
5 	0.99 	1 	0.561885 	-0.060716 	0
5 	1.01 	1 	0.576715 	-0.0608356 	0
5 	1.04 	1 	0.59848 	-0.0607626 	0
5 	1.06 	1 	0.61299 	-0.0607139 	0
5 	1.09 	1 	0.634755 	-0.0606408 	0
5 	1.11 	1 	0.649265 	-0.0605921 	0
5 	1.14 	1 	0.669377 	-0.0603236 	0
5 	1.16 	1 	0.681683 	-0.0600142 	0
5 	1.19 	1 	0.700142 	-0.0595502 	0
5 	1.21 	1 	0.712448 	-0.0592409 	0
5 	1.23 	1 	0.724754 	-0.0589316 	0
5 	1.26 	1 	0.741483 	-0.0584014 	0
5 	1.28 	1 	0.750331 	-0.0579596 	0
5 	1.31 	1 	0.763602 	-0.057297 	0
5 	1.33 	1 	0.772449 	-0.0568552 	0
5 	1.36 	1 	0.78572 	-0.0561926 	0
5 	1.38 	1 	0.793716 	-0.0557397 	0
5 	1.4 	1 	0.799159 	-0.0552535 	0
5 	1.43 	1 	0.807324 	-0.0545242 	0
5 	1.46 	1 	0.815489 	-0.0537948 	0
5 	1.48 	1 	0.820932 	-0.0533086 	0
5 	1.5 	1 	0.826375 	-0.0528224 	0
5 	1.53 	1 	0.830925 	-0.0520473 	0
5 	1.55 	1 	0.833958 	-0.0515306 	0
5 	1.58 	1 	0.838508 	-0.0507556 	0
5 	1.6 	1 	0.841541 	-0.0502389 	0
5 	1.63 	1 	0.845706 	-0.0494545 	0
5 	1.65 	1 	0.847198 	-0.0489004 	0
5 	1.67 	1 	0.84869 	-0.0483464 	0
5 	1.7 	1 	0.850928 	-0.0475152 	0
5 	1.72 	1 	0.85242 	-0.0469612 	0
5 	1.75 	1 	0.854658 	-0.04613 	0
5 	1.77 	1 	0.855004 	-0.0455355 	0
5 	1.8 	1 	0.855523 	-0.0446436 	0
5 	1.82 	1 	0.855869 	-0.0440491 	0
5 	1.85 	1 	0.856388 	-0.0431572 	0
5 	1.87 	1 	0.856735 	-0.0425626 	0
5 	1.9 	1 	0.855847 	-0.0416137 	0
5 	1.92 	1 	0.855068 	-0.0409734 	0
5 	1.94 	1 	0.854289 	-0.0403331 	0
5 	1.97 	1 	0.85312 	-0.0393727 	0
5 	1.99 	1 	0.852341 	-0.0387324 	0
5 	2.02 	1 	0.849842 	-0.0377207 	0
5 	2.04 	1 	0.847733 	-0.037029 	0
5 	2.07 	1 	0.84457 	-0.0359916 	0
5 	2.09 	1 	0.842461 	-0.0352999 	0
5 	2.12 	1 	0.839297 	-0.0342625 	0
5 	2.14 	1 	0.83601 	-0.0335327 	0
5 	2.16 	1 	0.832329 	-0.0327903 	0
5 	2.19 	1 	0.826809 	-0.0316767 	0
5 	2.21 	1 	0.823129 	-0.0309343 	0
5 	2.24 	1 	0.817608 	-0.0298207 	0
5 	2.26 	1 	0.813081 	-0.0290582 	0
5 	2.29 	1 	0.80502 	-0.027884 	0
5 	2.31 	1 	0.799645 	-0.0271013 	0
5 	2.34 	1 	0.791584 	-0.0259272 	0
5 	2.36 	1 	0.78621 	-0.0251444 	0
5 	2.38 	1 	0.780405 	-0.0243551 	0
5 	2.41 	1 	0.76976 	-0.0231412 	0
5 	2.43 	1 	0.762663 	-0.0223319 	0
5 	2.46 	1 	0.752018 	-0.021118 	0
5 	2.48 	1 	0.744921 	-0.0203088 	0
5 	2.51 	1 	0.733352 	-0.0190896 	0
5 	2.53 	1 	0.724408 	-0.0182699 	0
5 	2.56 	1 	0.710992 	-0.0170402 	0
5 	2.58 	1 	0.702048 	-0.0162204 	0
5 	2.6 	1 	0.693103 	-0.0154007 	0
5 	2.63 	1 	0.679087 	-0.0141715 	0
5 	2.65 	1 	0.667742 	-0.0133538 	0
5 	2.68 	1 	0.650725 	-0.0121272 	0
5 	2.7 	1 	0.63938 	-0.0113095 	0
5 	2.73 	1 	0.622363 	-0.0100829 	0
5 	2.75 	1 	0.611019 	-0.00926516 	0
5 	2.78 	1 	0.586895 	-0.00811002 	0
5 	2.8 	1 	0.570813 	-0.00733993 	0
5 	2.82 	1 	0.554731 	-0.00656984 	0
5 	2.85 	1 	0.530608 	-0.0054147 	0
5 	2.87 	1 	0.514525 	-0.00464461 	0
5 	2.9 	1 	0.408404 	-0.00356167 	0
5 	2.92 	1 	0.326723 	-0.00284933 	0
5 	2.95 	1 	0.204202 	-0.00178083 	0
5 	2.96 	1 	0.163362 	-0.00142467 	0
6.02 	0.021 	1 	0.0311319 	-0.00229107 	0
6.02 	0.0359 	1 	0.0451705 	-0.00351823 	0
6.02 	0.0614 	1 	0.0691964 	-0.00561842 	0
6.02 	0.0852 	1 	0.0916206 	-0.00757858 	0
6.02 	0.111 	1 	0.112933 	-0.00951483 	0
6.02 	0.135 	1 	0.123583 	-0.0107351 	0
6.02 	0.159 	1 	0.133899 	-0.0120359 	0
6.02 	0.183 	1 	0.143953 	-0.0133959 	0
6.02 	0.208 	1 	0.154427 	-0.0148125 	0
6.02 	0.232 	1 	0.164422 	-0.0161814 	0
6.02 	0.256 	1 	0.173789 	-0.017647 	0
6.02 	0.282 	1 	0.184252 	-0.0192419 	0
6.02 	0.306 	1 	0.194202 	-0.0207251 	0
6.02 	0.33 	1 	0.204152 	-0.0222084 	0
6.02 	0.355 	1 	0.214517 	-0.0237535 	0
6.02 	0.378 	1 	0.224448 	-0.0251495 	0
6.02 	0.403 	1 	0.23554 	-0.0266366 	0
6.02 	0.428 	1 	0.247173 	-0.0280676 	0
6.02 	0.453 	1 	0.258807 	-0.0294987 	0
6.02 	0.477 	1 	0.269975 	-0.0308726 	0
6.02 	0.502 	1 	0.282137 	-0.0321881 	0
6.02 	0.525 	1 	0.293591 	-0.0333581 	0
6.02 	0.551 	1 	0.307199 	-0.0345953 	0
6.02 	0.575 	1 	0.319761 	-0.0357374 	0
6.02 	0.598 	1 	0.331799 	-0.0368318 	0
6.02 	0.623 	1 	0.345289 	-0.0379169 	0
6.02 	0.648 	1 	0.359059 	-0.0389401 	0
6.02 	0.673 	1 	0.373476 	-0.0398521 	0
6.02 	0.697 	1 	0.387317 	-0.0407276 	0
6.02 	0.721 	1 	0.401158 	-0.0416032 	0
6.02 	0.746 	1 	0.415861 	-0.0424146 	0
6.02 	0.77 	1 	0.430151 	-0.0431334 	0
6.02 	0.795 	1 	0.445601 	-0.0437351 	0
6.02 	0.819 	1 	0.460433 	-0.0443127 	0
6.02 	0.843 	1 	0.475265 	-0.0448904 	0
6.02 	0.868 	1 	0.490842 	-0.0454051 	0
6.02 	0.893 	1 	0.506547 	-0.0458339 	0
6.02 	0.917 	1 	0.521831 	-0.0461057 	0
6.02 	0.941 	1 	0.537133 	-0.046365 	0
6.02 	0.966 	1 	0.553073 	-0.046635 	0
6.02 	0.99 	1 	0.568338 	-0.0468274 	0
6.02 	1.02 	1 	0.58736 	-0.0469445 	0
6.02 	1.04 	1 	0.599758 	-0.0469028 	0
6.02 	1.06 	1 	0.612155 	-0.046861 	0
6.02 	1.09 	1 	0.630752 	-0.0467985 	0
6.02 	1.11 	1 	0.643021 	-0.0467273 	0
6.02 	1.14 	1 	0.660844 	-0.0464832 	0
6.02 	1.16 	1 	0.671995 	-0.0462568 	0
6.02 	1.19 	1 	0.688357 	-0.045887 	0
6.02 	1.21 	1 	0.699265 	-0.0456405 	0
6.02 	1.23 	1 	0.710173 	-0.045394 	0
6.02 	1.26 	1 	0.72484 	-0.044908 	0
6.02 	1.28 	1 	0.73385 	-0.0445666 	0
6.02 	1.31 	1 	0.746219 	-0.0440337 	0
6.02 	1.33 	1 	0.754465 	-0.0436785 	0
6.02 	1.36 	1 	0.766435 	-0.0431407 	0
6.02 	1.38 	1 	0.773086 	-0.0427642 	0
6.02 	1.41 	1 	0.781981 	-0.0421904 	0
6.02 	1.43 	1 	0.787196 	-0.0418058 	0
6.02 	1.46 	1 	0.795018 	-0.0412288 	0
6.02 	1.48 	1 	0.800233 	-0.0408441 	0
6.02 	1.5 	1 	0.804 	-0.0404642 	0
6.02 	1.53 	1 	0.809159 	-0.039882 	0
6.02 	1.55 	1 	0.811963 	-0.0394857 	0
6.02 	1.58 	1 	0.816169 	-0.0388914 	0
6.02 	1.6 	1 	0.818974 	-0.0384952 	0
6.02 	1.63 	1 	0.821964 	-0.0378997 	0
6.02 	1.65 	1 	0.82363 	-0.0374947 	0
6.02 	1.67 	1 	0.824831 	-0.0370741 	0
6.02 	1.7 	1 	0.826634 	-0.0364433 	0
6.02 	1.72 	1 	0.827835 	-0.0360227 	0
6.02 	1.75 	1 	0.828989 	-0.0353854 	0
6.02 	1.77 	1 	0.829527 	-0.0349555 	0
6.02 	1.8 	1 	0.829545 	-0.0342718 	0
6.02 	1.82 	1 	0.829558 	-0.0338159 	0
6.02 	1.85 	1 	0.829576 	-0.0331321 	0
6.02 	1.87 	1 	0.829166 	-0.0326684 	0
6.02 	1.89 	1 	0.828603 	-0.0322004 	0
6.02 	1.92 	1 	0.827019 	-0.0314599 	0
6.02 	1.94 	1 	0.825865 	-0.0309612 	0
6.02 	1.97 	1 	0.824134 	-0.0302132 	0
6.02 	1.99 	1 	0.822664 	-0.0297078 	0
6.02 	2.02 	1 	0.81997 	-0.0289377 	0
6.02 	2.04 	1 	0.817471 	-0.0283922 	0
6.02 	2.07 	1 	0.813722 	-0.0275739 	0
6.02 	2.09 	1 	0.811223 	-0.0270284 	0
6.02 	2.12 	1 	0.806918 	-0.0261997 	0
6.02 	2.14 	1 	0.803663 	-0.0256393 	0
6.02 	2.16 	1 	0.799831 	-0.025057 	0
6.02 	2.19 	1 	0.793797 	-0.0241729 	0
6.02 	2.21 	1 	0.789774 	-0.0235834 	0
6.02 	2.24 	1 	0.783339 	-0.0226944 	0
6.02 	2.26 	1 	0.778504 	-0.0220947 	0
6.02 	2.29 	1 	0.770466 	-0.021172 	0
6.02 	2.31 	1 	0.76485 	-0.0205495 	0
6.02 	2.33 	1 	0.759234 	-0.0199269 	0
6.02 	2.36 	1 	0.750611 	-0.0189926 	0
6.02 	2.38 	1 	0.744193 	-0.0183677 	0
6.02 	2.41 	1 	0.733952 	-0.0174174 	0
6.02 	2.43 	1 	0.726732 	-0.0167761 	0
6.02 	2.46 	1 	0.715903 	-0.015814 	0
6.02 	2.48 	1 	0.708683 	-0.0151727 	0
6.02 	2.51 	1 	0.696648 	-0.0142187 	0
6.02 	2.53 	1 	0.68816 	-0.0135779 	0
6.02 	2.56 	1 	0.674754 	-0.0126104 	0
6.02 	2.58 	1 	0.665817 	-0.0119654 	0
6.02 	2.6 	1 	0.656879 	-0.0113203 	0
6.02 	2.63 	1 	0.642352 	-0.0103701 	0
6.02 	2.65 	1 	0.632174 	-0.00973963 	0
6.02 	2.68 	1 	0.615446 	-0.008799 	0
6.02 	2.7 	1 	0.604293 	-0.00817191 	0
6.02 	2.73 	1 	0.587565 	-0.00723128 	0
6.02 	2.75 	1 	0.575145 	-0.00663331 	0
6.02 	2.77 	1 	0.562701 	-0.00603492 	0
6.02 	2.8 	1 	0.53936 	-0.00517581 	0
6.02 	2.82 	1 	0.5238 	-0.00460307 	0
6.02 	2.85 	1 	0.500459 	-0.00374396 	0
6.02 	2.87 	1 	0.482615 	-0.00320961 	0
6.02 	2.9 	1 	0.440193 	-0.00243313 	0
6.02 	2.92 	1 	0.363636 	-0.00193604 	0
6.02 	2.95 	1 	0.248799 	-0.00119042 	0
6.02 	2.96 	1 	0.21052 	-0.000941877 	0
7 	0.0214 	1 	0.0304668 	-0.00127544 	0
7 	0.0372 	1 	0.0529609 	-0.00221712 	0
7 	0.0605 	1 	0.0861326 	-0.0036058 	0
7 	0.0863 	1 	0.122864 	-0.00514347 	0
7 	0.11 	1 	0.156605 	-0.00655599 	0
7 	0.135 	1 	0.181948 	-0.00789901 	0
7 	0.159 	1 	0.191519 	-0.00897665 	0
7 	0.183 	1 	0.201091 	-0.0100543 	0
7 	0.208 	1 	0.211061 	-0.0111768 	0
7 	0.232 	1 	0.220632 	-0.0122545 	0
7 	0.257 	1 	0.230426 	-0.0133946 	0
7 	0.282 	1 	0.239765 	-0.0145799 	0
7 	0.306 	1 	0.24873 	-0.0157178 	0
7 	0.33 	1 	0.257696 	-0.0168557 	0
7 	0.355 	1 	0.267035 	-0.018041 	0
7 	0.379 	1 	0.276139 	-0.0191622 	0
7 	0.403 	1 	0.285936 	-0.0201993 	0
7 	0.428 	1 	0.296142 	-0.0212796 	0
7 	0.452 	1 	0.305939 	-0.0223167 	0
7 	0.476 	1 	0.315736 	-0.0233538 	0
7 	0.501 	1 	0.325986 	-0.0244268 	0
7 	0.526 	1 	0.3373 	-0.0253243 	0
7 	0.55 	1 	0.348162 	-0.0261859 	0
7 	0.575 	1 	0.359476 	-0.0270833 	0
7 	0.599 	1 	0.370337 	-0.0279449 	0
7 	0.623 	1 	0.381199 	-0.0288064 	0
7 	0.648 	1 	0.393477 	-0.0295077 	0
7 	0.672 	1 	0.405344 	-0.0301646 	0
7 	0.697 	1 	0.417706 	-0.0308489 	0
7 	0.721 	1 	0.429574 	-0.0315058 	0
7 	0.746 	1 	0.441935 	-0.03219 	0
7 	0.77 	1 	0.454467 	-0.032656 	0
7 	0.795 	1 	0.46766 	-0.0331016 	0
7 	0.819 	1 	0.480325 	-0.0335294 	0
7 	0.843 	1 	0.49299 	-0.0339572 	0
7 	0.868 	1 	0.506182 	-0.0344028 	0
7 	0.893 	1 	0.519694 	-0.0346652 	0
7 	0.917 	1 	0.532784 	-0.0348486 	0
7 	0.941 	1 	0.545874 	-0.035032 	0
7 	0.966 	1 	0.55951 	-0.0352231 	0
7 	0.99 	1 	0.5726 	-0.0354065 	0
7 	1.01 	1 	0.583426 	-0.0354593 	0
7 	1.04 	1 	0.599541 	-0.0353884 	0
7 	1.06 	1 	0.610284 	-0.0353411 	0
7 	1.09 	1 	0.626398 	-0.0352702 	0
7 	1.11 	1 	0.637141 	-0.0352229 	0
7 	1.14 	1 	0.652517 	-0.0350268 	0
7 	1.16 	1 	0.662275 	-0.0348125 	0
7 	1.19 	1 	0.676913 	-0.0344911 	0
7 	1.21 	1 	0.686671 	-0.0342769 	0
7 	1.23 	1 	0.696429 	-0.0340626 	0
7 	1.26 	1 	0.710067 	-0.0336933 	0
7 	1.28 	1 	0.717826 	-0.0333833 	0
7 	1.31 	1 	0.729464 	-0.0329182 	0
7 	1.33 	1 	0.737224 	-0.0326082 	0
7 	1.36 	1 	0.748862 	-0.0321431 	0
7 	1.38 	1 	0.755964 	-0.031828 	0
7 	1.41 	1 	0.763656 	-0.0313327 	0
7 	1.43 	1 	0.768784 	-0.0310024 	0
7 	1.45 	1 	0.773912 	-0.0306722 	0
7 	1.48 	1 	0.781604 	-0.0301769 	0
7 	1.5 	1 	0.786732 	-0.0298467 	0
7 	1.53 	1 	0.790832 	-0.0293641 	0
7 	1.55 	1 	0.793566 	-0.0290424 	0
7 	1.58 	1 	0.797667 	-0.0285598 	0
7 	1.6 	1 	0.800401 	-0.0282381 	0
7 	1.63 	1 	0.804073 	-0.0277544 	0
7 	1.65 	1 	0.805094 	-0.0274286 	0
7 	1.67 	1 	0.806114 	-0.0271027 	0
7 	1.7 	1 	0.807645 	-0.0266139 	0
7 	1.72 	1 	0.808665 	-0.026288 	0
7 	1.75 	1 	0.810196 	-0.0257992 	0
7 	1.77 	1 	0.809942 	-0.0254515 	0
7 	1.8 	1 	0.809562 	-0.02493 	0
7 	1.82 	1 	0.809308 	-0.0245823 	0
7 	1.85 	1 	0.808928 	-0.0240608 	0
7 	1.87 	1 	0.808674 	-0.0237131 	0
7 	1.9 	1 	0.806773 	-0.0231512 	0
7 	1.92 	1 	0.805303 	-0.0227711 	0
7 	1.94 	1 	0.803833 	-0.0223911 	0
7 	1.97 	1 	0.801627 	-0.021821 	0
7 	1.99 	1 	0.800157 	-0.021441 	0
7 	2.02 	1 	0.796602 	-0.0208346 	0
7 	2.04 	1 	0.793782 	-0.0204183 	0
7 	2.07 	1 	0.789552 	-0.0197938 	0
7 	2.09 	1 	0.786732 	-0.0193775 	0
7 	2.12 	1 	0.782502 	-0.018753 	0
7 	2.14 	1 	0.778579 	-0.0183121 	0
7 	2.16 	1 	0.77429 	-0.017863 	0
7 	2.19 	1 	0.767855 	-0.0171894 	0
7 	2.21 	1 	0.763566 	-0.0167404 	0
7 	2.24 	1 	0.757131 	-0.0160668 	0
7 	2.26 	1 	0.752094 	-0.0156064 	0
7 	2.29 	1 	0.743418 	-0.0148988 	0
7 	2.31 	1 	0.737634 	-0.0144271 	0
7 	2.33 	1 	0.73185 	-0.0139554 	0
7 	2.36 	1 	0.723174 	-0.0132478 	0
7 	2.38 	1 	0.717019 	-0.012774 	0
7 	2.41 	1 	0.706117 	-0.0120539 	0
7 	2.43 	1 	0.698849 	-0.0115737 	0
7 	2.46 	1 	0.687947 	-0.0108536 	0
7 	2.48 	1 	0.680679 	-0.0103735 	0
7 	2.51 	1 	0.668992 	-0.00965646 	0
7 	2.53 	1 	0.660153 	-0.00918269 	0
7 	2.56 	1 	0.646894 	-0.00847204 	0
7 	2.58 	1 	0.638055 	-0.00799827 	0
7 	2.6 	1 	0.629215 	-0.0075245 	0
7 	2.63 	1 	0.615456 	-0.00682221 	0
7 	2.65 	1 	0.604615 	-0.0063819 	0
7 	2.68 	1 	0.588353 	-0.00572144 	0
7 	2.7 	1 	0.577511 	-0.00528113 	0
7 	2.73 	1 	0.561249 	-0.00462066 	0
7 	2.75 	1 	0.550408 	-0.00418035 	0
7 	2.77 	1 	0.535453 	-0.00380158 	0
7 	2.8 	1 	0.51302 	-0.00323342 	0
7 	2.82 	1 	0.498065 	-0.00285465 	0
7 	2.85 	1 	0.475633 	-0.0022865 	0
7 	2.87 	1 	0.460678 	-0.00190773 	0
7 	2.9 	1 	0.365551 	-0.00145043 	0
7 	2.92 	1 	0.292441 	-0.00116034 	0
7 	2.95 	1 	0.182776 	-0.000725214 	0
7 	2.96 	1 	0.14622 	-0.000580171 	0
8.02 	0.0212 	1 	0.0657337 	-0.00113726 	0
8.02 	0.0378 	1 	0.095396 	-0.00186787 	0
8.02 	0.0596 	1 	0.13435 	-0.00282734 	0
8.02 	0.0855 	1 	0.18063 	-0.00396726 	0
8.02 	0.11 	1 	0.21764 	-0.00498666 	0
8.02 	0.134 	1 	0.228045 	-0.00575955 	0
8.02 	0.159 	1 	0.238216 	-0.00660301 	0
8.02 	0.184 	1 	0.247847 	-0.00747751 	0
8.02 	0.208 	1 	0.257093 	-0.00831703 	0
8.02 	0.232 	1 	0.266238 	-0.00916005 	0
8.02 	0.258 	1 	0.274952 	-0.0101142 	0
8.02 	0.281 	1 	0.28275 	-0.0109525 	0
8.02 	0.305 	1 	0.290967 	-0.0118226 	0
8.02 	0.33 	1 	0.299527 	-0.0127289 	0
8.02 	0.354 	1 	0.307744 	-0.013599 	0
8.02 	0.379 	1 	0.31638 	-0.0144677 	0
8.02 	0.404 	1 	0.325203 	-0.0153151 	0
8.02 	0.428 	1 	0.333944 	-0.0161004 	0
8.02 	0.452 	1 	0.342685 	-0.0168857 	0
8.02 	0.476 	1 	0.351426 	-0.017671 	0
8.02 	0.501 	1 	0.360805 	-0.0184275 	0
8.02 	0.525 	1 	0.369979 	-0.0191256 	0
8.02 	0.55 	1 	0.379927 	-0.019804 	0
8.02 	0.574 	1 	0.389477 	-0.0204553 	0
8.02 	0.599 	1 	0.399425 	-0.0211338 	0
8.02 	0.623 	1 	0.409225 	-0.0217246 	0
8.02 	0.648 	1 	0.419594 	-0.0223044 	0
8.02 	0.672 	1 	0.42994 	-0.0227976 	0
8.02 	0.698 	1 	0.441148 	-0.0233319 	0
8.02 	0.721 	1 	0.451064 	-0.0238046 	0
8.02 	0.745 	1 	0.461585 	-0.0242425 	0
8.02 	0.769 	1 	0.472222 	-0.0246421 	0
8.02 	0.795 	1 	0.484119 	-0.0249877 	0
8.02 	0.82 	1 	0.495572 	-0.0253167 	0
8.02 	0.843 	1 	0.506109 	-0.0256194 	0
8.02 	0.868 	1 	0.517658 	-0.0258976 	0
8.02 	0.893 	1 	0.5293 	-0.0261236 	0
8.02 	0.918 	1 	0.541131 	-0.0262623 	0
8.02 	0.941 	1 	0.552031 	-0.0263831 	0
8.02 	0.965 	1 	0.563404 	-0.0265092 	0
8.02 	0.99 	1 	0.575255 	-0.0266011 	0
8.02 	1.01 	1 	0.584742 	-0.0266243 	0
8.02 	1.04 	1 	0.598907 	-0.0265817 	0
8.02 	1.06 	1 	0.608329 	-0.0265291 	0
8.02 	1.09 	1 	0.622461 	-0.0264502 	0
8.02 	1.11 	1 	0.631829 	-0.0263793 	0
8.02 	1.14 	1 	0.645643 	-0.0261862 	0
8.02 	1.16 	1 	0.654526 	-0.02601 	0
8.02 	1.19 	1 	0.667688 	-0.0257236 	0
8.02 	1.21 	1 	0.676462 	-0.0255326 	0
8.02 	1.23 	1 	0.685237 	-0.0253416 	0
8.02 	1.26 	1 	0.697577 	-0.0249676 	0
8.02 	1.28 	1 	0.705345 	-0.0247007 	0
8.02 	1.31 	1 	0.716312 	-0.02428 	0
8.02 	1.33 	1 	0.723623 	-0.0239996 	0
8.02 	1.36 	1 	0.734348 	-0.023573 	0
8.02 	1.38 	1 	0.740689 	-0.0232676 	0
8.02 	1.41 	1 	0.749282 	-0.0228079 	0
8.02 	1.43 	1 	0.7544 	-0.0225052 	0
8.02 	1.46 	1 	0.762077 	-0.0220512 	0
8.02 	1.48 	1 	0.767195 	-0.0217485 	0
8.02 	1.5 	1 	0.771091 	-0.021456 	0
8.02 	1.53 	1 	0.776392 	-0.0210154 	0
8.02 	1.55 	1 	0.779208 	-0.0207317 	0
8.02 	1.58 	1 	0.783431 	-0.020306 	0
8.02 	1.6 	1 	0.786246 	-0.0200222 	0
8.02 	1.63 	1 	0.789143 	-0.0196176 	0
8.02 	1.65 	1 	0.790702 	-0.0193466 	0
8.02 	1.67 	1 	0.791685 	-0.0190778 	0
8.02 	1.7 	1 	0.793159 	-0.0186747 	0
8.02 	1.72 	1 	0.794142 	-0.0184059 	0
8.02 	1.75 	1 	0.794852 	-0.0180107 	0
8.02 	1.77 	1 	0.795065 	-0.0177443 	0
8.02 	1.8 	1 	0.794448 	-0.017333 	0
8.02 	1.82 	1 	0.794037 	-0.0170587 	0
8.02 	1.85 	1 	0.79342 	-0.0166474 	0
8.02 	1.87 	1 	0.792531 	-0.0163726 	0
8.02 	1.89 	1 	0.791478 	-0.0160938 	0
8.02 	1.92 	1 	0.789098 	-0.0156567 	0
8.02 	1.94 	1 	0.787405 	-0.015363 	0
8.02 	1.97 	1 	0.784865 	-0.0149226 	0
8.02 	1.99 	1 	0.782842 	-0.0146265 	0
8.02 	2.02 	1 	0.779303 	-0.0141742 	0
8.02 	2.04 	1 	0.776254 	-0.0138561 	0
8.02 	2.07 	1 	0.771679 	-0.013379 	0
8.02 	2.09 	1 	0.76863 	-0.0130609 	0
8.02 	2.12 	1 	0.763523 	-0.0125802 	0
8.02 	2.14 	1 	0.759756 	-0.0122541 	0
8.02 	2.16 	1 	0.755463 	-0.0119177 	0
8.02 	2.19 	1 	0.748762 	-0.0114085 	0
8.02 	2.21 	1 	0.744294 	-0.011069 	0
8.02 	2.24 	1 	0.737237 	-0.0105592 	0
8.02 	2.26 	1 	0.73205 	-0.010217 	0
8.02 	2.29 	1 	0.723585 	-0.00969314 	0
8.02 	2.31 	1 	0.717717 	-0.0093414 	0
8.02 	2.33 	1 	0.711848 	-0.00898966 	0
8.02 	2.36 	1 	0.702876 	-0.00846333 	0
8.02 	2.38 	1 	0.696324 	-0.00811588 	0
8.02 	2.41 	1 	0.685979 	-0.00759097 	0
8.02 	2.43 	1 	0.678747 	-0.00724098 	0
8.02 	2.46 	1 	0.6679 	-0.00671598 	0
8.02 	2.48 	1 	0.660669 	-0.00636599 	0
8.02 	2.51 	1 	0.648825 	-0.00586024 	0
8.02 	2.53 	1 	0.640549 	-0.00552415 	0
8.02 	2.55 	1 	0.631901 	-0.00519095 	0
8.02 	2.58 	1 	0.61893 	-0.00469116 	0
8.02 	2.6 	1 	0.610283 	-0.00435796 	0
8.02 	2.63 	1 	0.596417 	-0.0038837 	0
8.02 	2.65 	1 	0.586777 	-0.00357569 	0
8.02 	2.68 	1 	0.571125 	-0.00314283 	0
8.02 	2.7 	1 	0.56069 	-0.00285426 	0
8.02 	2.73 	1 	0.545038 	-0.00242141 	0
8.02 	2.75 	1 	0.5336 	-0.00217488 	0
8.02 	2.77 	1 	0.522146 	-0.00192681 	0
8.02 	2.8 	1 	0.500689 	-0.00159209 	0
8.02 	2.82 	1 	0.486385 	-0.00136895 	0
8.02 	2.85 	1 	0.464929 	-0.00103423 	0
8.02 	2.87 	1 	0.448549 	-0.000841967 	0
8.02 	2.9 	1 	0.409415 	-0.000581172 	0
8.02 	2.92 	1 	0.338303 	-0.000451142 	0
8.02 	2.95 	1 	0.231636 	-0.000256097 	0
8.02 	2.96 	1 	0.19608 	-0.000191082 	0
9 	0.0183 	1 	0.0377647 	-0.000608614 	0
9 	0.0368 	1 	0.0759422 	-0.00122388 	0
9 	0.0607 	1 	0.125263 	-0.00201874 	0
9 	0.0854 	1 	0.176235 	-0.0028402 	0
9 	0.11 	1 	0.227001 	-0.00365834 	0
9 	0.134 	1 	0.26134 	-0.00440419 	0
9 	0.159 	1 	0.270742 	-0.00509029 	0
9 	0.184 	1 	0.280144 	-0.00577638 	0
9 	0.208 	1 	0.28917 	-0.00643503 	0
9 	0.233 	1 	0.298572 	-0.00712112 	0
9 	0.256 	1 	0.306876 	-0.00775629 	0
9 	0.28 	1 	0.314519 	-0.00843081 	0
9 	0.306 	1 	0.322799 	-0.00916154 	0
9 	0.329 	1 	0.330124 	-0.00980796 	0
9 	0.355 	1 	0.338404 	-0.0105387 	0
9 	0.379 	1 	0.346094 	-0.0112016 	0
9 	0.403 	1 	0.354015 	-0.0118066 	0
9 	0.427 	1 	0.361936 	-0.0124116 	0
9 	0.452 	1 	0.370188 	-0.0130418 	0
9 	0.477 	1 	0.378439 	-0.013672 	0
9 	0.503 	1 	0.387097 	-0.0143144 	0
9 	0.525 	1 	0.394915 	-0.0147738 	0
9 	0.551 	1 	0.404155 	-0.0153168 	0
9 	0.574 	1 	0.412328 	-0.015797 	0
9 	0.598 	1 	0.420858 	-0.0162982 	0
9 	0.624 	1 	0.430097 	-0.0168411 	0
9 	0.648 	1 	0.439232 	-0.0172236 	0
9 	0.672 	1 	0.448393 	-0.0176009 	0
9 	0.697 	1 	0.457936 	-0.017994 	0
9 	0.721 	1 	0.467098 	-0.0183713 	0
9 	0.746 	1 	0.476641 	-0.0187644 	0
9 	0.77 	1 	0.486244 	-0.0190256 	0
9 	0.795 	1 	0.49634 	-0.0192735 	0
9 	0.82 	1 	0.506436 	-0.0195215 	0
9 	0.844 	1 	0.516128 	-0.0197595 	0
9 	0.868 	1 	0.52582 	-0.0199975 	0
9 	0.893 	1 	0.536163 	-0.0201331 	0
9 	0.916 	1 	0.545767 	-0.0202177 	0
9 	0.941 	1 	0.556205 	-0.0203097 	0
9 	0.965 	1 	0.566227 	-0.020398 	0
9 	0.991 	1 	0.577083 	-0.0204936 	0
9 	1.01 	1 	0.585017 	-0.0205005 	0
9 	1.04 	1 	0.597543 	-0.0204217 	0
9 	1.06 	1 	0.605895 	-0.0203691 	0
9 	1.09 	1 	0.618421 	-0.0202903 	0
9 	1.11 	1 	0.626773 	-0.0202378 	0
9 	1.14 	1 	0.638976 	-0.0200726 	0
9 	1.16 	1 	0.646895 	-0.0199049 	0
9 	1.19 	1 	0.658775 	-0.0196534 	0
9 	1.21 	1 	0.666694 	-0.0194857 	0
9 	1.23 	1 	0.674614 	-0.019318 	0
9 	1.26 	1 	0.685962 	-0.0190245 	0
9 	1.28 	1 	0.69282 	-0.0187731 	0
9 	1.31 	1 	0.703106 	-0.0183959 	0
9 	1.33 	1 	0.709963 	-0.0181444 	0
9 	1.36 	1 	0.72025 	-0.0177672 	0
9 	1.38 	1 	0.726667 	-0.0175082 	0
9 	1.4 	1 	0.731762 	-0.0172262 	0
9 	1.43 	1 	0.739406 	-0.0168032 	0
9 	1.46 	1 	0.747049 	-0.0163802 	0
9 	1.48 	1 	0.752144 	-0.0160982 	0
9 	1.5 	1 	0.75724 	-0.0158162 	0
9 	1.53 	1 	0.761712 	-0.0154184 	0
9 	1.55 	1 	0.764694 	-0.0151532 	0
9 	1.58 	1 	0.769166 	-0.0147554 	0
9 	1.6 	1 	0.772148 	-0.0144901 	0
9 	1.63 	1 	0.776144 	-0.014099 	0
9 	1.65 	1 	0.777219 	-0.0138605 	0
9 	1.67 	1 	0.778294 	-0.013622 	0
9 	1.7 	1 	0.779906 	-0.0132643 	0
9 	1.72 	1 	0.780981 	-0.0130258 	0
9 	1.75 	1 	0.782593 	-0.0126681 	0
9 	1.77 	1 	0.78214 	-0.0124394 	0
9 	1.8 	1 	0.781459 	-0.0120965 	0
9 	1.82 	1 	0.781006 	-0.0118679 	0
9 	1.85 	1 	0.780326 	-0.011525 	0
9 	1.87 	1 	0.779872 	-0.0112964 	0
9 	1.9 	1 	0.777485 	-0.0109453 	0
9 	1.92 	1 	0.775667 	-0.0107102 	0
9 	1.94 	1 	0.773848 	-0.010475 	0
9 	1.97 	1 	0.77112 	-0.0101223 	0
9 	1.99 	1 	0.769302 	-0.00988714 	0
9 	2.02 	1 	0.765202 	-0.00952101 	0
9 	2.04 	1 	0.762011 	-0.00927245 	0
9 	2.07 	1 	0.757225 	-0.00889961 	0
9 	2.09 	1 	0.754034 	-0.00865105 	0
9 	2.12 	1 	0.749248 	-0.00827821 	0
9 	2.14 	1 	0.745028 	-0.00802098 	0
9 	2.16 	1 	0.740464 	-0.00776085 	0
9 	2.19 	1 	0.733619 	-0.00737066 	0
9 	2.21 	1 	0.729055 	-0.00711054 	0
9 	2.24 	1 	0.72221 	-0.00672035 	0
9 	2.26 	1 	0.71699 	-0.0064586 	0
9 	2.29 	1 	0.708177 	-0.00606356 	0
9 	2.31 	1 	0.702301 	-0.0058002 	0
9 	2.34 	1 	0.693487 	-0.00540516 	0
9 	2.36 	1 	0.687612 	-0.0051418 	0
9 	2.38 	1 	0.681425 	-0.00488102 	0
9 	2.41 	1 	0.670747 	-0.00450151 	0
9 	2.43 	1 	0.663628 	-0.0042485 	0
9 	2.46 	1 	0.652951 	-0.00386899 	0
9 	2.48 	1 	0.645832 	-0.00361598 	0
9 	2.51 	1 	0.634523 	-0.00324935 	0
9 	2.53 	1 	0.626143 	-0.00302211 	0
9 	2.55 	1 	0.617763 	-0.00279488 	0
9 	2.58 	1 	0.605192 	-0.00245402 	0
9 	2.6 	1 	0.596812 	-0.00222678 	0
9 	2.63 	1 	0.583843 	-0.00189858 	0
9 	2.65 	1 	0.573868 	-0.00172195 	0
9 	2.68 	1 	0.558905 	-0.00145701 	0
9 	2.7 	1 	0.548931 	-0.00128038 	0
9 	2.73 	1 	0.533968 	-0.00101544 	0
9 	2.75 	1 	0.523993 	-0.000838818 	0
9 	2.78 	1 	0.503504 	-0.000670912 	0
9 	2.8 	1 	0.489844 	-0.000558976 	0
9 	2.82 	1 	0.476184 	-0.000447039 	0
9 	2.85 	1 	0.455694 	-0.000279133 	0
9 	2.87 	1 	0.442035 	-0.000167197 	0
9 	2.9 	1 	0.350896 	-0.00011137 	0
9 	2.92 	1 	0.280717 	-8.90959e-05 	0
9 	2.95 	1 	0.175448 	-5.56849e-05 	0
9 	2.96 	1 	0.140358 	-4.45479e-05 	0
10 	0.0188 	1 	0.0428373 	-0.000484474 	0
10 	0.0364 	1 	0.0829403 	-0.000938024 	0
10 	0.0609 	1 	0.138766 	-0.00156939 	0
10 	0.0856 	1 	0.195046 	-0.0022059 	0
10 	0.11 	1 	0.250644 	-0.00283469 	0
10 	0.135 	1 	0.288522 	-0.00344028 	0
10 	0.159 	1 	0.297401 	-0.00396598 	0
10 	0.184 	1 	0.306649 	-0.00451359 	0
10 	0.209 	1 	0.315898 	-0.0050612 	0
10 	0.233 	1 	0.324777 	-0.0055869 	0
10 	0.257 	1 	0.333165 	-0.00611507 	0
10 	0.281 	1 	0.340362 	-0.00664926 	0
10 	0.305 	1 	0.34756 	-0.00718345 	0
10 	0.33 	1 	0.355057 	-0.0077399 	0
10 	0.354 	1 	0.362255 	-0.00827409 	0
10 	0.38 	1 	0.370068 	-0.00884096 	0
10 	0.403 	1 	0.377041 	-0.00929847 	0
10 	0.428 	1 	0.38462 	-0.00979576 	0
10 	0.453 	1 	0.3922 	-0.0102931 	0
10 	0.477 	1 	0.399476 	-0.0107705 	0
10 	0.501 	1 	0.406771 	-0.0112445 	0
10 	0.526 	1 	0.414816 	-0.0116566 	0
10 	0.55 	1 	0.422539 	-0.0120522 	0
10 	0.575 	1 	0.430584 	-0.0124643 	0
10 	0.6 	1 	0.438629 	-0.0128764 	0
10 	0.623 	1 	0.44603 	-0.0132555 	0
10 	0.648 	1 	0.454556 	-0.0135732 	0
10 	0.673 	1 	0.463123 	-0.0138827 	0
10 	0.697 	1 	0.471347 	-0.0141799 	0
10 	0.721 	1 	0.479572 	-0.014477 	0
10 	0.746 	1 	0.488139 	-0.0147865 	0
10 	0.77 	1 	0.496725 	-0.014991 	0
10 	0.794 	1 	0.505383 	-0.015177 	0
10 	0.819 	1 	0.514402 	-0.0153708 	0
10 	0.843 	1 	0.523061 	-0.0155568 	0
10 	0.868 	1 	0.53208 	-0.0157505 	0
10 	0.892 	1 	0.540937 	-0.0158515 	0
10 	0.917 	1 	0.550249 	-0.0159203 	0
10 	0.941 	1 	0.559188 	-0.0159864 	0
10 	0.965 	1 	0.568128 	-0.0160524 	0
10 	0.99 	1 	0.577439 	-0.0161212 	0
10 	1.01 	1 	0.584901 	-0.016125 	0
10 	1.04 	1 	0.596114 	-0.0160542 	0
10 	1.06 	1 	0.603589 	-0.0160069 	0
10 	1.09 	1 	0.614801 	-0.015936 	0
10 	1.11 	1 	0.622276 	-0.0158888 	0
10 	1.14 	1 	0.633265 	-0.0157457 	0
10 	1.16 	1 	0.640441 	-0.0156022 	0
10 	1.19 	1 	0.651205 	-0.0153869 	0
10 	1.21 	1 	0.658381 	-0.0152433 	0
10 	1.23 	1 	0.665557 	-0.0150998 	0
10 	1.26 	1 	0.67593 	-0.0148462 	0
10 	1.28 	1 	0.682325 	-0.014626 	0
10 	1.31 	1 	0.691917 	-0.0142957 	0
10 	1.33 	1 	0.698311 	-0.0140755 	0
10 	1.36 	1 	0.707903 	-0.0137452 	0
10 	1.38 	1 	0.713951 	-0.0135154 	0
10 	1.41 	1 	0.721461 	-0.0131274 	0
10 	1.43 	1 	0.726467 	-0.0128688 	0
10 	1.45 	1 	0.731474 	-0.0126101 	0
10 	1.48 	1 	0.738984 	-0.0122222 	0
10 	1.5 	1 	0.74399 	-0.0119635 	0
10 	1.53 	1 	0.748712 	-0.011585 	0
10 	1.55 	1 	0.75186 	-0.0113327 	0
10 	1.58 	1 	0.756582 	-0.0109542 	0
10 	1.6 	1 	0.75973 	-0.0107019 	0
10 	1.63 	1 	0.763977 	-0.0103305 	0
10 	1.65 	1 	0.765228 	-0.0101065 	0
10 	1.68 	1 	0.767104 	-0.00977057 	0
10 	1.7 	1 	0.768355 	-0.00954661 	0
10 	1.72 	1 	0.769605 	-0.00932265 	0
10 	1.75 	1 	0.771481 	-0.00898671 	0
10 	1.77 	1 	0.771088 	-0.00878353 	0
10 	1.8 	1 	0.770497 	-0.00847876 	0
10 	1.82 	1 	0.770104 	-0.00827557 	0
10 	1.85 	1 	0.769513 	-0.0079708 	0
10 	1.87 	1 	0.76912 	-0.00776762 	0
10 	1.9 	1 	0.766705 	-0.00746912 	0
10 	1.92 	1 	0.764851 	-0.00727096 	0
10 	1.94 	1 	0.762998 	-0.00707279 	0
10 	1.97 	1 	0.760218 	-0.00677555 	0
10 	1.99 	1 	0.758364 	-0.00657738 	0
10 	2.02 	1 	0.754184 	-0.00627656 	0
10 	2.04 	1 	0.75093 	-0.00607481 	0
10 	2.07 	1 	0.746049 	-0.00577219 	0
10 	2.09 	1 	0.742795 	-0.00557045 	0
10 	2.12 	1 	0.737914 	-0.00526783 	0
10 	2.14 	1 	0.733658 	-0.00506368 	0
10 	2.16 	1 	0.729067 	-0.00485874 	0
10 	2.19 	1 	0.722181 	-0.00455132 	0
10 	2.21 	1 	0.71759 	-0.00434638 	0
10 	2.24 	1 	0.710704 	-0.00403896 	0
10 	2.26 	1 	0.7055 	-0.00383616 	0
10 	2.29 	1 	0.696771 	-0.00353516 	0
10 	2.31 	1 	0.690952 	-0.0033345 	0
10 	2.33 	1 	0.685133 	-0.00313383 	0
10 	2.36 	1 	0.676405 	-0.00283284 	0
10 	2.38 	1 	0.670304 	-0.00263646 	0
10 	2.41 	1 	0.659886 	-0.00236118 	0
10 	2.43 	1 	0.652941 	-0.00217765 	0
10 	2.46 	1 	0.642523 	-0.00190237 	0
10 	2.48 	1 	0.635578 	-0.00171885 	0
10 	2.51 	1 	0.624601 	-0.00145972 	0
10 	2.53 	1 	0.616535 	-0.0013085 	0
10 	2.56 	1 	0.604437 	-0.00108167 	0
10 	2.58 	1 	0.596372 	-0.000930453 	0
10 	2.6 	1 	0.588306 	-0.000779235 	0
10 	2.63 	1 	0.575846 	-0.000564863 	0
10 	2.65 	1 	0.566332 	-0.000463472 	0
10 	2.68 	1 	0.552061 	-0.000311385 	0
10 	2.7 	1 	0.542547 	-0.000209993 	0
10 	2.73 	1 	0.528276 	-5.79062e-05 	0
10 	2.75 	1 	0.518762 	4.34852e-05 	0
10 	2.77 	1 	0.505714 	8.48113e-05 	0
10 	2.8 	1 	0.486143 	0.0001468 	0
10 	2.82 	1 	0.473096 	0.000188126 	0
10 	2.85 	1 	0.453524 	0.000250115 	0
10 	2.87 	1 	0.440477 	0.000291441 	0
10 	2.9 	1 	0.349772 	0.000241418 	0
10 	2.92 	1 	0.279818 	0.000193135 	0
10 	2.95 	1 	0.174886 	0.000120709 	0
10 	2.97 	1 	0.104932 	7.24255e-05 	0
