/*--------------------------------*- C++ -*----------------------------------*\
| =========                 |                                                 |
| \\      /  F ield         | OpenFOAM: The Open Source CFD Toolbox           |
|  \\    /   O peration     | Version:  4.0                                   |
|   \\  /    A nd           | Web:      www.OpenFOAM.org                      |
|    \\/     M anipulation  |                                                 |
\*---------------------------------------------------------------------------*/
FoamFile
{
    version     2.0;
    format      ascii;
    class       surfaceScalarField;
    location    "85";
    object      phi;
}
// * * * * * * * * * * * * * * * * * * * * * * * * * * * * * * * * * * * * * //

dimensions      [0 3 -1 0 0 0 0];

internalField   nonuniform List<scalar> 
6112
(
0.148032
-0.00115376
0.149041
-0.0010096
0.149936
-0.000894824
0.150769
-0.000832747
0.151546
-0.00077743
0.152267
-0.000720856
0.152935
-0.000667722
0.153556
-0.000621063
0.154137
-0.000581422
0.154685
-0.000548293
0.155206
-0.000520518
0.155702
-0.000495607
0.156169
-0.00046768
0.156591
-0.000421877
0.156912
-0.000321298
-0.000385578
0.157298
0.196462
-0.000134266
0.195769
-0.000316057
0.19524
-0.000366192
0.194794
-0.000387146
0.19442
-0.000403098
0.194112
-0.00041284
0.193863
-0.000418521
0.193665
-0.000423833
0.193515
-0.000431174
0.193409
-0.000441706
0.193344
-0.000455888
0.193322
-0.000473647
0.193349
-0.000494409
0.193445
-0.00051794
0.193676
-0.000552187
-0.000647892
0.193938
0.213486
-4.5038e-05
0.213324
-0.000154143
0.21318
-0.000221699
0.213049
-0.000255839
0.212927
-0.000281254
0.212818
-0.000303987
0.212724
-0.000325141
0.212648
-0.000346995
0.212588
-0.00037197
0.212549
-0.000401801
0.21253
-0.00043776
0.212538
-0.000481123
0.212577
-0.000533731
0.212658
-0.000599202
0.212792
-0.000685858
-0.000810612
0.212955
0.224676
-0.000100647
0.224709
-0.000186904
0.224735
-0.00024852
0.224765
-0.000285396
0.224795
-0.000311266
0.224825
-0.000333836
0.224856
-0.000356142
0.224889
-0.000380761
0.224928
-0.000410243
0.224973
-0.000446706
0.225027
-0.000491992
0.225094
-0.000548125
0.225178
-0.000617855
0.225284
-0.000705398
0.225416
-0.000817442
-0.000963732
0.225569
0.23434
-0.000132902
0.234369
-0.000216406
0.234382
-0.000261807
0.234387
-0.00029035
0.234388
-0.000311853
0.234386
-0.000331573
0.234383
-0.000353161
0.234381
-0.000379439
0.234384
-0.000412719
0.234392
-0.000454987
0.234408
-0.000508161
0.234435
-0.00057442
0.234473
-0.000656584
0.234526
-0.000758496
0.234594
-0.000885347
-0.00104357
0.234674
0.241497
-0.000173197
0.241522
-0.000241797
0.241523
-0.00026244
0.241504
-0.000272248
0.241472
-0.0002796
0.241429
-0.00028858
0.241379
-0.000303002
0.241325
-0.000325588
0.241271
-0.000358204
0.241218
-0.000402401
0.24117
-0.000459772
0.241127
-0.000532199
0.241093
-0.000622084
0.241067
-0.00073254
0.241049
-0.000867464
-0.00103133
0.241037
0.247065
-0.000112761
0.246936
-0.000112553
0.246771
-9.82766e-05
0.246591
-9.14741e-05
0.246403
-9.23296e-05
0.246217
-0.000101813
0.246035
-0.000121327
0.245861
-0.000151847
0.245697
-0.000194123
0.245544
-0.000248971
0.245401
-0.00031748
0.24527
-0.000401117
0.24515
-0.000501832
0.24504
-0.00062211
0.244937
-0.000764936
-0.000933615
0.244839
0.249351
6.44172e-05
0.249134
0.000105326
0.248906
0.000129232
0.248673
0.00014169
0.24844
0.000140679
0.248212
0.000125851
0.247993
9.7828e-05
0.247784
5.70883e-05
0.247586
3.74926e-06
0.2474
-6.239e-05
0.247224
-0.000141919
0.247059
-0.000235859
0.246903
-0.000345699
0.246754
-0.000473375
0.24661
-0.000621176
-0.000791601
0.246468
0.24919
0.000218519
0.249
0.000295381
0.248795
0.000333885
0.248581
0.00035527
0.248365
0.000356736
0.248152
0.000339173
0.247945
0.000305342
0.247745
0.000257122
0.247553
0.000195535
0.247369
0.000121129
0.247193
3.40512e-05
0.247024
-6.62173e-05
0.246859
-0.000180907
0.246697
-0.000311492
0.246535
-0.000459626
-0.000627205
0.246371
0.246185
0.000192129
0.246152
0.000327983
0.246071
0.000415331
0.24596
0.000466213
0.245831
0.000485441
0.245692
0.00047853
0.245547
0.000450365
0.2454
0.000404319
0.245252
0.000342827
0.245106
0.000267629
0.24496
0.000179715
0.244814
7.94936e-05
0.244667
-3.31844e-05
0.244515
-0.000159489
0.244356
-0.000300962
-0.000458941
0.244188
0.239908
0.000112519
0.239948
0.000288305
0.239946
0.000417081
0.239921
0.000491215
0.239881
0.000524796
0.239831
0.000529058
0.239772
0.000509544
0.239706
0.000470112
0.239634
0.000414323
0.239557
0.000344889
0.239474
0.000263407
0.239382
0.000170608
0.239282
6.68718e-05
0.239171
-4.77984e-05
0.239044
-0.000174648
-0.000315145
0.238901
0.232667
0.000200354
0.232545
0.000410132
0.232399
0.000563056
0.232249
0.000641442
0.232101
0.000672216
0.231958
0.000672097
0.231821
0.000646835
0.23169
0.000601361
0.231563
0.000540758
0.23144
0.000468641
0.231316
0.000386977
0.23119
0.000296653
0.231059
0.000197895
0.23092
9.08618e-05
0.23077
-2.39541e-05
-0.000147608
0.230602
0.222703
0.000310122
0.222481
0.000631387
0.222239
0.000805656
0.222007
0.000873231
0.221784
0.000895109
0.22157
0.000886302
0.221366
0.000851171
0.22117
0.000796952
0.22098
0.000730283
0.220794
0.000655091
0.220608
0.000573305
0.220418
0.000485797
0.220224
0.000392796
0.22002
0.000294057
0.219807
0.000189191
7.86915e-05
0.219581
0.210073
0.00047144
0.20963
0.00107443
0.209183
0.00125258
0.208746
0.00131034
0.208316
0.00132519
0.207904
0.00129796
0.207517
0.00123856
0.207153
0.00116099
0.206809
0.00107425
0.206481
0.000982647
0.206167
0.000888247
0.20586
0.000792045
0.205559
0.000694367
0.205258
0.00059503
0.204953
0.000493531
0.000389218
0.204643
0.19095
0.00258264
0.189457
0.00256804
0.188309
0.00239988
0.187333
0.00228665
0.186505
0.00215322
0.185815
0.00198796
0.185243
0.00181091
0.184766
0.00163748
0.184367
0.00147389
0.184028
0.00132164
0.183735
0.00118057
0.183477
0.0010499
0.183243
0.000928475
0.183023
0.000814941
0.182809
0.000707878
0.000605912
0.182592
0.119671
0.122239
0.124639
0.126926
0.129079
0.131067
0.132878
0.134515
0.135989
0.137311
0.138491
0.139541
0.14047
0.141285
0.141993
0.142598
-0.00642692
0.00642692
-0.0129661
0.00653912
-0.0188608
0.00589469
-0.0241721
0.00531121
-0.0289926
0.00482048
-0.0333895
0.00439687
-0.0374147
0.00402519
-0.0411105
0.00369576
-0.0445051
0.00339465
-0.0476052
0.00310007
-0.0503977
0.0027926
-0.0528535
0.0024558
-0.0549295
0.00207601
-0.0565731
0.00164363
-0.0577301
0.00115707
-0.0583557
0.000625526
-0.0584257
6.99947e-05
-0.0579609
-0.000464761
-0.0570207
-0.000940249
-0.0556659
-0.00135478
-0.0539502
-0.00171569
-0.0519206
-0.0020296
-0.0496185
-0.00230207
-0.0470854
-0.00253299
-0.0443624
-0.00272305
-0.0414864
-0.00287594
-0.0384906
-0.00299579
-0.0354044
-0.00308614
-0.0322528
-0.00315154
-0.0290513
-0.00320144
-0.0258157
-0.00323564
-0.022568
-0.00324767
-0.0193294
-0.00323858
-0.0161196
-0.00320977
-0.0129414
-0.00317815
-0.00979153
-0.00314986
-0.00668187
-0.00310967
-0.0036195
-0.00306239
-0.000610871
-0.00300867
0.00232572
-0.00293664
0.00517386
-0.00284818
0.00792249
-0.00274866
0.0105737
-0.00265122
0.0131317
-0.00255801
0.0156002
-0.00246853
0.0179826
-0.00238244
0.020282
-0.00229943
0.0225012
-0.00221926
0.0246429
-0.00214173
0.0267096
-0.00206671
0.0287037
-0.00199412
0.0306276
-0.00192391
0.0324837
-0.00185605
0.0342742
-0.00179051
0.0360015
-0.00172728
0.0376678
-0.00166632
0.0392754
-0.0016076
0.0408265
-0.00155109
0.0423232
-0.00149672
0.0437677
-0.00144447
0.0451619
-0.00139427
0.046508
-0.00134606
0.0478078
-0.0012998
0.0490632
-0.00125541
0.050276
-0.00121283
0.051448
-0.00117201
0.0525809
-0.00113287
0.0536763
-0.00109536
0.0547357
-0.00105941
0.0557607
-0.00102496
0.0567526
-0.000991949
0.0577129
-0.000960315
0.0586429
-0.000930002
0.0595439
-0.000900952
0.060417
-0.00087311
0.0612634
-0.000846423
0.0620842
-0.00082084
0.0628806
-0.000796313
0.0636533
-0.000772792
0.0644036
-0.000750233
0.0651322
-0.000728592
0.06584
-0.000707827
0.0665279
-0.000687898
0.0671966
-0.000668768
0.067847
-0.0006504
0.0684798
-0.00063276
0.0690956
-0.000615815
0.0696951
-0.000599533
0.070279
-0.000583885
0.0708478
-0.000568843
0.0714022
-0.000554381
0.0719427
-0.000540474
0.0724698
-0.000527097
0.072984
-0.00051423
0.0734858
-0.000501849
0.0739758
-0.000489937
0.0744542
-0.000478474
0.0749217
-0.000467443
0.0753785
-0.000456828
0.0758251
-0.000446613
0.0762619
-0.000436786
0.0766892
-0.000427332
0.0771074
-0.000418242
0.0775169
-0.000409506
0.077918
-0.000401115
0.0783111
-0.000393066
0.0786965
-0.000385357
0.0790744
-0.000377993
0.0794454
-0.000370986
0.0798098
-0.000364363
0.0801679
-0.000358174
0.0805204
-0.000352504
0.0808679
-0.000347502
0.0812114
-0.000343434
0.0815521
-0.000340772
0.0818925
-0.00034038
0.0822364
-0.000343895
0.0825915
-0.000355031
0.0829747
-0.000383174
-0.000425398
-0.00556684
0.0119937
-0.0106421
0.0116143
-0.0152425
0.010495
-0.0193589
0.00942753
-0.0230448
0.00850633
-0.0263661
0.00771807
-0.0293803
0.0070394
-0.0321289
0.00644444
-0.0346353
0.00590103
-0.0369061
0.00537089
-0.0389315
0.00481804
-0.040686
0.00421035
-0.0421294
0.00351949
-0.0432085
0.00272271
-0.0438648
0.00181337
-0.0440501
0.00081089
-0.043745
-0.000235116
-0.0429785
-0.00123127
-0.0418035
-0.00211526
-0.0402675
-0.00289072
-0.0384156
-0.00356757
-0.0362893
-0.0041559
-0.0339238
-0.00466754
-0.031356
-0.00510067
-0.0286222
-0.00545684
-0.0257546
-0.00574346
-0.0227819
-0.00596844
-0.0197297
-0.00613832
-0.0166229
-0.00625832
-0.0134798
-0.00634445
-0.0103165
-0.00639888
-0.00714989
-0.00641429
-0.00398951
-0.00639894
-0.000835525
-0.00636373
0.00228499
-0.00629866
0.00533761
-0.00620249
0.00832116
-0.00609324
0.0112371
-0.0059784
0.0140889
-0.00586043
0.0168739
-0.00572171
0.0195826
-0.00555695
0.022217
-0.00538304
0.0247742
-0.00520843
0.0272527
-0.00503653
0.0296527
-0.00486859
0.0319752
-0.00470499
0.0342216
-0.00454582
0.0363934
-0.00439109
0.0384924
-0.00424077
0.0405205
-0.00409486
0.0424798
-0.00395337
0.0443722
-0.0038163
0.0461998
-0.00368366
0.0479647
-0.00355544
0.049669
-0.00343162
0.0513149
-0.00331217
0.0529043
-0.00319704
0.0544394
-0.00308615
0.0559221
-0.00297945
0.0573545
-0.00287683
0.0587384
-0.00277819
0.0600758
-0.00268344
0.0613685
-0.00259247
0.0626182
-0.00250515
0.0638267
-0.00242136
0.0649957
-0.002341
0.0661268
-0.00226393
0.0672215
-0.00219004
0.0682812
-0.0021192
0.0693076
-0.00205129
0.0703018
-0.00198621
0.0712653
-0.00192382
0.0721994
-0.00186403
0.0731051
-0.00180671
0.0739838
-0.00175177
0.0748364
-0.0016991
0.0756642
-0.0016486
0.076468
-0.00160018
0.077249
-0.00155374
0.0780079
-0.0015092
0.0787458
-0.00146647
0.0794635
-0.00142547
0.0801617
-0.00138613
0.0808413
-0.00134836
0.0815029
-0.0013121
0.0821475
-0.00127728
0.0827755
-0.00124384
0.0833876
-0.00121172
0.0839846
-0.00118085
0.0845669
-0.00115118
0.0851352
-0.00112267
0.08569
-0.00109526
0.0862318
-0.00106891
0.0867611
-0.00104357
0.0872785
-0.0010192
0.0877843
-0.000995756
0.088279
-0.000973211
0.0887631
-0.000951528
0.0892369
-0.000930673
0.0897009
-0.000910617
0.0901554
-0.000891332
0.0906009
-0.000872793
0.0910376
-0.000854977
0.091466
-0.000837864
0.0918863
-0.00082144
0.0922989
-0.000805691
0.0927042
-0.000790613
0.0931024
-0.000776211
0.0934939
-0.000762503
0.093879
-0.000749529
0.0942582
-0.000737364
0.0946318
-0.000726139
0.0950004
-0.000716079
0.0953645
-0.000707564
0.095725
-0.000701245
0.0960829
-0.000698219
0.0964394
-0.00070038
0.0967957
-0.000711391
0.0971505
-0.000737932
-0.000768655
-0.00407499
0.0160687
-0.00774712
0.0152864
-0.0109608
0.0137086
-0.0137806
0.0122473
-0.0162718
0.0109974
-0.0184913
0.00993758
-0.0204835
0.00903154
-0.0222792
0.00824021
-0.0238971
0.00751891
-0.02534
0.00681382
-0.0265971
0.0060752
-0.0276443
0.00525755
-0.0284434
0.0043186
-0.0289384
0.00321775
-0.0290638
0.00193881
-0.0287601
0.000507106
-0.0280317
-0.000963468
-0.0269328
-0.00233025
-0.0255037
-0.00354438
-0.0237825
-0.00461191
-0.0218054
-0.00554457
-0.0196084
-0.00635296
-0.0172196
-0.00705624
-0.0146729
-0.00764736
-0.0119982
-0.00813153
-0.00922092
-0.0085207
-0.00636292
-0.00882642
-0.00344127
-0.00905995
-0.000467522
-0.00923205
0.00252645
-0.00933841
0.00550785
-0.00938026
0.00846926
-0.00937568
0.011404
-0.0093337
0.0143006
-0.00926031
0.0171541
-0.00915216
0.0199619
-0.00901027
0.0227153
-0.00884669
0.0254066
-0.00866971
0.0280284
-0.00848219
0.0305835
-0.00827681
0.0330778
-0.00805134
0.0355099
-0.0078151
0.0378766
-0.00757511
0.0401755
-0.00733541
0.0424052
-0.00709832
0.0445654
-0.00686521
0.0466565
-0.0066369
0.0486793
-0.00641391
0.0506351
-0.00619659
0.0525254
-0.00598518
0.0543519
-0.00577987
0.0561164
-0.00558077
0.0578207
-0.00538796
0.0594667
-0.00520148
0.0610564
-0.00502133
0.0625917
-0.00484747
0.0640745
-0.00467985
0.0655068
-0.00451839
0.0668903
-0.00436298
0.068227
-0.00421349
0.0695186
-0.00406979
0.0707669
-0.00393173
0.0719735
-0.00379914
0.0731403
-0.00367188
0.0742687
-0.00354975
0.0753603
-0.0034326
0.0764166
-0.00332024
0.077439
-0.00321251
0.0784291
-0.00310922
0.079388
-0.00301021
0.0803171
-0.0029153
0.0812176
-0.00282433
0.0820907
-0.00273713
0.0829375
-0.00265356
0.0837592
-0.00257345
0.0845567
-0.00249665
0.0853311
-0.00242303
0.0860834
-0.00235244
0.0868144
-0.00228475
0.087525
-0.00221984
0.0882161
-0.00215757
0.0888885
-0.00209783
0.0895429
-0.00204052
0.09018
-0.00198552
0.0908006
-0.00193272
0.0914054
-0.00188204
0.0919949
-0.00183337
0.0925698
-0.00178664
0.0931307
-0.00174175
0.0936781
-0.00169863
0.0942126
-0.00165719
0.0947347
-0.00161738
0.0952449
-0.00157912
0.0957437
-0.00154234
0.0962315
-0.00150699
0.0967087
-0.00147301
0.0971759
-0.00144034
0.0976333
-0.00140894
0.0980813
-0.00137875
0.0985204
-0.00134974
0.098951
-0.00132186
0.0993732
-0.00129508
0.0997876
-0.00126935
0.100194
-0.00124466
0.100594
-0.00122097
0.100986
-0.00119827
0.101372
-0.00117655
0.101752
-0.00115579
0.102126
-0.00113603
0.102493
-0.00111729
0.102856
-0.00109966
0.103213
-0.00108326
0.103565
-0.00106832
0.103913
-0.00105521
0.104256
-0.0010445
0.104595
-0.0010371
0.104929
-0.00103444
0.105256
-0.00103873
0.105571
-0.00105251
-0.00106601
-0.00267839
0.018747
-0.00489366
0.0175016
-0.00665328
0.0154682
-0.00810271
0.0136966
-0.00932656
0.0122212
-0.0103644
0.0109754
-0.0112376
0.00990468
-0.0119614
0.00896397
-0.0125483
0.00810588
-0.0129962
0.00726177
-0.0132922
0.00637119
-0.0134121
0.00537747
-0.0133217
0.00422822
-0.0129617
0.00285782
-0.0122612
0.00123825
-0.0111963
-0.000557812
-0.00983785
-0.00232194
-0.0082506
-0.00391752
-0.00645391
-0.00534109
-0.00446636
-0.00659947
-0.00230735
-0.00770357
4.92981e-06
-0.00866524
0.00243726
-0.00948855
0.00495786
-0.0101679
0.00755136
-0.010725
0.0102017
-0.011171
0.0128925
-0.0115173
0.0156077
-0.0117751
0.0183297
-0.011954
0.0210474
-0.0120561
0.0237535
-0.0120864
0.0264362
-0.0120583
0.029085
-0.0119825
0.0316906
-0.0118659
0.0342494
-0.011711
0.0367607
-0.0115215
0.0392195
-0.0113055
0.0416198
-0.01107
0.0439564
-0.0108188
0.0462309
-0.0105513
0.0484478
-0.0102682
0.0506075
-0.00997484
0.0527088
-0.00967637
0.0547501
-0.00937674
0.0567305
-0.00907874
0.0586497
-0.00878433
0.0605076
-0.00849488
0.0623051
-0.00821138
0.0640431
-0.00793453
0.0657227
-0.00766482
0.0673455
-0.00740262
0.0689129
-0.00714818
0.0704266
-0.00690166
0.0718883
-0.00666315
0.0732996
-0.00643269
0.0746624
-0.00621024
0.0759783
-0.00599575
0.077249
-0.00578912
0.0784763
-0.00559023
0.0796617
-0.00539891
0.0808069
-0.005215
0.0819135
-0.0050383
0.082983
-0.00486862
0.0840168
-0.00470575
0.0850165
-0.00454946
0.0859835
-0.00439955
0.086919
-0.00425577
0.0878244
-0.00411793
0.088701
-0.00398578
0.0895499
-0.00385911
0.0903723
-0.00373771
0.0911693
-0.00362136
0.091942
-0.00350985
0.0926915
-0.00340299
0.0934186
-0.00330058
0.0941244
-0.00320242
0.0948097
-0.00310833
0.0954753
-0.00301814
0.0961223
-0.00293168
0.0967512
-0.00284877
0.0973629
-0.00276927
0.0979581
-0.00269303
0.0985374
-0.0026199
0.0991016
-0.00254973
0.0996513
-0.00248241
0.100187
-0.00241781
0.10071
-0.0023558
0.101219
-0.00229627
0.101716
-0.00223912
0.102202
-0.00218425
0.102676
-0.00213154
0.10314
-0.00208092
0.103593
-0.0020323
0.104036
-0.00198559
0.10447
-0.00194071
0.104895
-0.0018976
0.10531
-0.00185618
0.105718
-0.00181638
0.106117
-0.00177816
0.106509
-0.00174144
0.106893
-0.00170617
0.107271
-0.00167232
0.107641
-0.00163983
0.108005
-0.00160865
0.108363
-0.00157877
0.108715
-0.00155014
0.109061
-0.00152275
0.109402
-0.00149658
0.109737
-0.00147165
0.110068
-0.00144796
0.110394
-0.00142559
0.110715
-0.00140463
0.111032
-0.00138524
0.111345
-0.00136769
0.111652
-0.00135235
0.111955
-0.00133979
0.112251
-0.00133072
0.112539
-0.00132592
0.112811
-0.00132534
-0.0013233
-0.00157289
0.0203199
-0.00227364
0.0182023
-0.00241056
0.0156051
-0.00231956
0.0136056
-0.00210428
0.0120058
-0.00176763
0.0106387
-0.0013018
0.00943881
-0.000707958
0.00837013
4.30378e-06
0.00739364
0.000835255
0.00643084
0.00180736
0.00539911
0.0029525
0.00423236
0.00430277
0.00287796
0.00593168
0.00122891
0.00785495
-0.000685038
0.00992304
-0.00262592
0.0120252
-0.00442411
0.0141745
-0.00606683
0.0163795
-0.00754613
0.0186415
-0.00886149
0.0209557
-0.0100178
0.0233123
-0.0110218
0.0257008
-0.011877
0.0281185
-0.0125857
0.030555
-0.0131615
0.0330005
-0.0136165
0.0354452
-0.013962
0.0378794
-0.0142093
0.0402933
-0.0143679
0.0426817
-0.0144445
0.0450415
-0.0144463
0.0473672
-0.014384
0.0496522
-0.0142676
0.0518913
-0.0141049
0.0540819
-0.0139017
0.0562235
-0.0136631
0.0583138
-0.0133958
0.06035
-0.0131062
0.0623297
-0.0127985
0.0642538
-0.0124753
0.0661245
-0.012139
0.0679433
-0.0117936
0.0697102
-0.0114432
0.0714249
-0.0110915
0.0730874
-0.0107412
0.0746976
-0.0103946
0.076256
-0.0100532
0.077763
-0.00971839
0.0792195
-0.00939108
0.0806267
-0.00907197
0.0819856
-0.00876156
0.0832976
-0.00846021
0.0845641
-0.00816816
0.0857865
-0.00788555
0.0869663
-0.00761244
0.0881049
-0.00734882
0.0892038
-0.00709463
0.0902644
-0.00684976
0.0912882
-0.00661406
0.0922767
-0.00638736
0.0932312
-0.00616945
0.094153
-0.00596011
0.0950435
-0.00575911
0.0959039
-0.00556619
0.0967355
-0.0053811
0.0975396
-0.00520358
0.0983171
-0.00503336
0.0990694
-0.00487018
0.0997974
-0.00471378
0.100502
-0.0045639
0.101185
-0.00442028
0.101846
-0.00428267
0.102487
-0.00415081
0.103108
-0.00402449
0.103711
-0.00390345
0.104296
-0.00378747
0.104864
-0.00367635
0.105416
-0.00356985
0.105952
-0.0034678
0.106473
-0.00336998
0.10698
-0.00327621
0.107474
-0.00318632
0.107954
-0.00310013
0.108422
-0.00301748
0.108877
-0.00293821
0.109322
-0.00286217
0.109755
-0.00278922
0.110178
-0.00271923
0.110591
-0.00265207
0.110994
-0.00258761
0.111389
-0.00252574
0.111774
-0.00246635
0.112151
-0.00240934
0.11252
-0.0023546
0.112881
-0.00230204
0.113235
-0.00225158
0.113582
-0.00220314
0.113922
-0.00215663
0.114256
-0.00211197
0.114584
-0.00206912
0.114906
-0.00202799
0.115222
-0.00198853
0.115533
-0.00195068
0.115839
-0.0019144
0.116139
-0.00187964
0.116436
-0.00184636
0.116727
-0.00181452
0.117015
-0.00178412
0.117298
-0.00175512
0.117578
-0.00172754
0.117854
-0.00170139
0.118126
-0.00167672
0.118394
-0.00165361
0.118659
-0.00163218
0.118919
-0.00161258
0.119174
-0.001595
0.119423
-0.00157953
0.119663
-0.00156593
0.11989
-0.00155292
-0.00153871
-0.000996722
0.0213166
0.000283374
0.0169222
0.00230745
0.0135809
0.00438929
0.0115237
0.0064883
0.00990677
0.00865435
0.00847261
0.0109039
0.00718928
0.0132369
0.00603707
0.015643
0.00498753
0.0181349
0.00393904
0.0207574
0.00277655
0.0235685
0.00142127
0.0266513
-0.000204766
0.0298851
-0.00200497
0.032995
-0.00379488
0.0358863
-0.00551727
0.0386081
-0.00714594
0.0411976
-0.00865636
0.0436847
-0.0100333
0.0460917
-0.0112685
0.0484334
-0.0123594
0.0507185
-0.013307
0.0529543
-0.0141128
0.0551489
-0.0147803
0.0573052
-0.0153177
0.0594237
-0.015735
0.0615038
-0.0160422
0.0635437
-0.0162492
0.0655414
-0.0163656
0.0674964
-0.0163995
0.0694093
-0.0163592
0.0712794
-0.016254
0.0731048
-0.016093
0.0748841
-0.0158842
0.0766167
-0.0156343
0.078303
-0.0153493
0.0799427
-0.0150356
0.0815353
-0.0146987
0.0830804
-0.0143436
0.0845787
-0.0139737
0.0860321
-0.0135924
0.0874418
-0.0132033
0.0888087
-0.0128101
0.0901333
-0.0124161
0.0914159
-0.0120238
0.092657
-0.0116356
0.0938571
-0.0112532
0.0950167
-0.010878
0.0961367
-0.010511
0.0972179
-0.0101531
0.0982612
-0.00980487
0.0992677
-0.00946672
0.100238
-0.00913895
0.101175
-0.00882175
0.102077
-0.0085152
0.102948
-0.00821931
0.103787
-0.007934
0.104597
-0.00765918
0.105377
-0.00739467
0.10613
-0.00714029
0.106857
-0.0068958
0.107558
-0.00666097
0.108234
-0.00643553
0.108887
-0.00621919
0.109518
-0.00601168
0.110127
-0.0058127
0.110715
-0.00562195
0.111284
-0.00543914
0.111834
-0.00526398
0.112367
-0.00509616
0.112882
-0.0049354
0.113381
-0.00478142
0.113864
-0.00463394
0.114332
-0.00449269
0.114786
-0.00435741
0.115226
-0.00422784
0.115654
-0.00410374
0.116069
-0.00398487
0.116472
-0.003871
0.116864
-0.00376192
0.117245
-0.0036574
0.117616
-0.00355726
0.117977
-0.00346129
0.118329
-0.00336932
0.118672
-0.00328116
0.119006
-0.00319664
0.119333
-0.00311561
0.119651
-0.00303792
0.119963
-0.00296341
0.120267
-0.00289194
0.120565
-0.0028234
0.120856
-0.00275764
0.121141
-0.00269456
0.12142
-0.00263405
0.121694
-0.00257599
0.121963
-0.00252029
0.122227
-0.00246685
0.122486
-0.00241559
0.12274
-0.00236642
0.12299
-0.00231926
0.123236
-0.00227404
0.123478
-0.0022307
0.123717
-0.00218916
0.123952
-0.00214937
0.124184
-0.00211128
0.124412
-0.00207484
0.124637
-0.00204
0.12486
-0.00200673
0.12508
-0.00197499
0.125297
-0.00194476
0.125512
-0.00191603
0.125724
-0.00188876
0.125933
-0.00186296
0.12614
-0.00183861
0.126343
-0.00181565
0.126542
-0.00179395
0.126735
-0.00177318
0.126922
-0.00175246
0.127099
-0.00173006
-0.00170705
9.41746e-05
0.0212224
0.00579337
0.0112229
0.0113785
0.00799581
0.0165278
0.00637426
0.0214552
0.00497935
0.026206
0.00372177
0.0307965
0.00259874
0.0352786
0.00155496
0.0397948
0.000471325
0.0444455
-0.000711558
0.0491563
-0.00193431
0.0537649
-0.00318724
0.0580562
-0.00449606
0.0619108
-0.00585962
0.0653769
-0.00726104
0.0685067
-0.00864707
0.071345
-0.00998427
0.0739364
-0.0112478
0.0763209
-0.0124178
0.0785323
-0.0134799
0.080598
-0.0144252
0.0825398
-0.0152488
0.0843761
-0.0159491
0.086123
-0.0165272
0.0877929
-0.0169876
0.0893948
-0.017337
0.0909357
-0.0175831
0.0924206
-0.0177341
0.0938534
-0.0177984
0.0952378
-0.0177839
0.0965773
-0.0176988
0.0978746
-0.0175512
0.0991311
-0.0173495
0.100348
-0.0171012
0.101527
-0.0168129
0.102668
-0.016491
0.103774
-0.0161412
0.104844
-0.0157691
0.10588
-0.0153792
0.106882
-0.0149757
0.107852
-0.014562
0.10879
-0.0141419
0.109699
-0.0137185
0.110577
-0.0132949
0.111427
-0.0128736
0.112248
-0.0124568
0.113041
-0.0120463
0.113807
-0.0116434
0.114545
-0.0112493
0.115257
-0.0108649
0.115943
-0.0104908
0.116603
-0.0101274
0.11724
-0.00977518
0.117852
-0.00943428
0.118442
-0.0091048
0.119009
-0.00878677
0.119555
-0.00848013
0.120081
-0.00818477
0.120587
-0.00790052
0.121074
-0.00762718
0.121542
-0.00736452
0.121994
-0.00711227
0.122428
-0.00687016
0.122847
-0.00663789
0.123251
-0.00641515
0.123639
-0.00620162
0.124015
-0.005997
0.124376
-0.00580097
0.124726
-0.0056132
0.125063
-0.00543338
0.125389
-0.0052612
0.125703
-0.00509635
0.126008
-0.00493853
0.126303
-0.00478746
0.126588
-0.00464285
0.126865
-0.00450443
0.127133
-0.00437192
0.127393
-0.00424507
0.127646
-0.00412364
0.127891
-0.00400738
0.12813
-0.00389607
0.128362
-0.00378949
0.128588
-0.00368742
0.128809
-0.00358967
0.129023
-0.00349605
0.129233
-0.00340637
0.129438
-0.00332045
0.129638
-0.00323814
0.129834
-0.00315926
0.130026
-0.00308368
0.130214
-0.00301124
0.130398
-0.00294182
0.130578
-0.00287528
0.130756
-0.00281151
0.13093
-0.00275038
0.131102
-0.00269179
0.131271
-0.00263563
0.131437
-0.00258182
0.131601
-0.00253025
0.131762
-0.00248085
0.131922
-0.00243353
0.132079
-0.00238822
0.132235
-0.00234484
0.132389
-0.00230334
0.132541
-0.00226365
0.132692
-0.00222572
0.132841
-0.00218948
0.13299
-0.0021549
0.133137
-0.00212191
0.133282
-0.00209047
0.133427
-0.00206053
0.13357
-0.002032
0.133712
-0.00200482
0.133852
-0.00197883
0.13399
-0.00195384
0.134126
-0.00192948
0.134258
-0.00190516
0.134385
-0.0018797
0.134506
-0.00185128
-0.00182267
0.0232307
-0.00200837
0.0356143
-0.00116069
0.0454759
-0.0018658
0.0542375
-0.00238733
0.0620034
-0.00278662
0.0689072
-0.00318205
0.0751098
-0.00360385
0.0807371
-0.00407237
0.0858161
-0.00460767
0.090329
-0.00522448
0.0943446
-0.0059499
0.0979518
-0.00679436
0.101198
-0.00774196
0.104106
-0.00876833
0.106693
-0.00984721
0.108988
-0.0109427
0.111026
-0.0120223
0.112838
-0.0130597
0.114454
-0.0140335
0.1159
-0.0149267
0.117202
-0.0157271
0.118381
-0.016427
0.119454
-0.0170222
0.120438
-0.0175117
0.121348
-0.0178975
0.122195
-0.0181836
0.122987
-0.0183757
0.123734
-0.0184802
0.124439
-0.0185041
0.12511
-0.0184545
0.12575
-0.0183386
0.126362
-0.0181638
0.12695
-0.0179375
0.127516
-0.0176666
0.12806
-0.0173575
0.128585
-0.0170161
0.129092
-0.016648
0.129581
-0.0162583
0.130054
-0.0158515
0.13051
-0.0154318
0.130951
-0.0150028
0.131377
-0.014568
0.131789
-0.0141303
0.132186
-0.0136928
0.132571
-0.0132577
0.132941
-0.0128273
0.133298
-0.0124032
0.133641
-0.0119869
0.133972
-0.0115795
0.134289
-0.0111819
0.134593
-0.0107949
0.134884
-0.0104188
0.135163
-0.0100542
0.13543
-0.00970127
0.135686
-0.00936007
0.135929
-0.00903069
0.136162
-0.00871309
0.136385
-0.00840717
0.136597
-0.00811278
0.1368
-0.00782971
0.136993
-0.00755774
0.137177
-0.0072966
0.137353
-0.00704601
0.137521
-0.00680568
0.137681
-0.00657529
0.137834
-0.00635452
0.13798
-0.00614304
0.138119
-0.00594053
0.138253
-0.00574665
0.138381
-0.00556108
0.138503
-0.00538349
0.13862
-0.00521357
0.138733
-0.00505101
0.138841
-0.00489551
0.138945
-0.00474675
0.139045
-0.00460447
0.139141
-0.00446837
0.139234
-0.0043382
0.139324
-0.00421369
0.139411
-0.00409459
0.139496
-0.00398066
0.139578
-0.00387167
0.139658
-0.0037674
0.139736
-0.00366764
0.139812
-0.00357219
0.139887
-0.00348085
0.13996
-0.00339344
0.140031
-0.00330978
0.140102
-0.00322971
0.140171
-0.00315307
0.140239
-0.00307971
0.140307
-0.00300948
0.140374
-0.00294224
0.14044
-0.00287788
0.140506
-0.00281627
0.140572
-0.00275729
0.140637
-0.00270084
0.140702
-0.0026468
0.140767
-0.0025951
0.140831
-0.00254564
0.140896
-0.00249833
0.140961
-0.00245309
0.141026
-0.00240985
0.141091
-0.00236854
0.141157
-0.00232909
0.141222
-0.00229145
0.141288
-0.00225554
0.141355
-0.0022213
0.141422
-0.00218868
0.141489
-0.0021576
0.141556
-0.00212797
0.141624
-0.00209969
0.141692
-0.00207262
0.141759
-0.00204653
0.141827
-0.00202112
0.141893
-0.00199592
0.141958
-0.00197019
0.142021
-0.00194267
0.142081
-0.00191163
-0.00188049
0.155904
-0.000614928
0.155543
-0.000799347
0.154807
-0.00112939
0.154009
-0.00159011
0.153305
-0.00208253
0.152736
-0.00261309
0.152334
-0.00320162
0.152117
-0.00385543
0.152086
-0.00457667
0.152228
-0.00536628
0.152507
-0.00622877
0.152877
-0.00716458
0.153298
-0.0081628
0.153734
-0.00920421
0.154153
-0.0102664
0.154535
-0.0113243
0.154866
-0.0123539
0.155141
-0.0133345
0.155357
-0.0142492
0.155515
-0.0150849
0.15562
-0.0158319
0.155677
-0.016484
0.155693
-0.0170381
0.155674
-0.0174935
0.155629
-0.0178519
0.155562
-0.0181169
0.15548
-0.0182932
0.155386
-0.0183865
0.155285
-0.018403
0.155179
-0.0183491
0.155072
-0.0182316
0.154966
-0.0180572
0.154861
-0.0178327
0.154759
-0.0175645
0.15466
-0.0172587
0.154565
-0.0169209
0.154474
-0.0165566
0.154386
-0.0161706
0.154302
-0.0157674
0.154221
-0.015351
0.154143
-0.0149251
0.154068
-0.0144931
0.153996
-0.0140579
0.153926
-0.0136225
0.153857
-0.0131891
0.153789
-0.0127598
0.153723
-0.0123364
0.153656
-0.0119204
0.15359
-0.0115128
0.153522
-0.0111148
0.153455
-0.010727
0.153386
-0.01035
0.153316
-0.00998432
0.153245
-0.00963012
0.153172
-0.00928762
0.153098
-0.00895691
0.153023
-0.00863798
0.152947
-0.00833076
0.152869
-0.00803513
0.152791
-0.00775091
0.152711
-0.00747789
0.15263
-0.00721582
0.152548
-0.00696442
0.152466
-0.00672341
0.152383
-0.00649247
0.1523
-0.0062713
0.152217
-0.00605957
0.152133
-0.00585695
0.152049
-0.0056631
0.151966
-0.00547771
0.151883
-0.00530045
0.1518
-0.00513098
0.151718
-0.00496901
0.151637
-0.00481421
0.151557
-0.00466629
0.151477
-0.00452496
0.151399
-0.00438992
0.151321
-0.00426091
0.151245
-0.00413766
0.151171
-0.00401991
0.151097
-0.00390742
0.151026
-0.00379996
0.150956
-0.00369728
0.150887
-0.00359918
0.15082
-0.00350546
0.150755
-0.0034159
0.150692
-0.00333032
0.150631
-0.00324855
0.150572
-0.0031704
0.150514
-0.00309572
0.150459
-0.00302435
0.150406
-0.00295614
0.150354
-0.00289095
0.150305
-0.00282866
0.150258
-0.00276912
0.150213
-0.00271224
0.15017
-0.00265789
0.150129
-0.00260597
0.15009
-0.00255639
0.150054
-0.00250904
0.150019
-0.00246385
0.149987
-0.00242073
0.149956
-0.0023796
0.149928
-0.00234039
0.149902
-0.00230304
0.149878
-0.00226747
0.149856
-0.00223362
0.149836
-0.00220142
0.149819
-0.0021708
0.149803
-0.00214168
0.149789
-0.00211395
0.149776
-0.00208749
0.149766
-0.00206212
0.149757
-0.00203759
0.149749
-0.00201354
0.149743
-0.00198946
0.149737
-0.00196459
0.149732
-0.00193774
0.149728
-0.0019074
-0.00187675
0.194128
-0.000805252
0.194353
-0.00102444
0.194498
-0.00127435
0.194537
-0.00162925
0.194516
-0.00206079
0.194454
-0.00255175
0.194359
-0.00310673
0.194234
-0.00373041
0.194081
-0.00442358
0.1939
-0.00518522
0.193685
-0.00601376
0.193426
-0.00690495
0.193111
-0.00784852
0.192736
-0.00882842
0.192295
-0.00982532
0.191789
-0.0108184
0.191222
-0.0117872
0.190601
-0.0127134
0.189933
-0.0135815
0.189227
-0.014379
0.188492
-0.0150966
0.187736
-0.0157279
0.186967
-0.0162693
0.186193
-0.0167193
0.18542
-0.0170787
0.184653
-0.0173502
0.183897
-0.0175374
0.183156
-0.0176452
0.182432
-0.0176789
0.181727
-0.0176445
0.181043
-0.0175479
0.180382
-0.0173953
0.179742
-0.0171931
0.179125
-0.0169471
0.178529
-0.0166631
0.177955
-0.0163467
0.177401
-0.0160029
0.176867
-0.0156366
0.176352
-0.015252
0.175854
-0.0148532
0.175373
-0.014444
0.174907
-0.0140275
0.174456
-0.0136069
0.174019
-0.013185
0.173594
-0.012764
0.17318
-0.0123462
0.172777
-0.0119333
0.172384
-0.0115268
0.171999
-0.0111281
0.171622
-0.0107381
0.171253
-0.0103578
0.17089
-0.00998765
0.170534
-0.00962832
0.170184
-0.0092801
0.16984
-0.00894325
0.169501
-0.00861791
0.169167
-0.00830411
0.168838
-0.00800186
0.168514
-0.00771104
0.168195
-0.00743153
0.16788
-0.00716313
0.16757
-0.00690563
0.167264
-0.00665877
0.166963
-0.00642228
0.166667
-0.00619586
0.166374
-0.00597921
0.166087
-0.00577201
0.165804
-0.00557394
0.165525
-0.00538467
0.165252
-0.00520388
0.164982
-0.00503123
0.164718
-0.00486642
0.164458
-0.00470911
0.164203
-0.00455901
0.163952
-0.00441579
0.163706
-0.00427918
0.163465
-0.00414888
0.163229
-0.00402462
0.162997
-0.00390611
0.162771
-0.00379311
0.162549
-0.00368537
0.162331
-0.00358264
0.162119
-0.0034847
0.161911
-0.00339131
0.161708
-0.00330228
0.161509
-0.0032174
0.161315
-0.00313647
0.161126
-0.00305931
0.160941
-0.00298575
0.160761
-0.00291562
0.160586
-0.00284876
0.160414
-0.00278502
0.160248
-0.00272426
0.160085
-0.00266635
0.159927
-0.00261115
0.159774
-0.00255854
0.159624
-0.00250842
0.159479
-0.00246068
0.159338
-0.00241522
0.1592
-0.00237194
0.159067
-0.00233075
0.158938
-0.00229158
0.158813
-0.00225434
0.158691
-0.00221897
0.158574
-0.00218538
0.15846
-0.00215353
0.15835
-0.00212333
0.158243
-0.00209472
0.15814
-0.00206762
0.15804
-0.00204195
0.157944
-0.00201761
0.157851
-0.00199445
0.157761
-0.00197231
0.157674
-0.00195092
0.15759
-0.00192996
0.15751
-0.00190893
0.157432
-0.00188713
0.157358
-0.00186356
0.157288
-0.00183702
-0.00180981
0.213137
-0.000987784
0.21333
-0.00121713
0.21355
-0.00149472
0.213765
-0.00184411
0.213966
-0.0022612
0.21415
-0.00273563
0.214309
-0.00326645
0.214435
-0.00385614
0.214517
-0.0045056
0.214546
-0.00521374
0.21451
-0.00597777
0.214397
-0.00679249
0.214198
-0.00764895
0.213903
-0.00853438
0.213512
-0.00943336
0.213022
-0.0103292
0.21244
-0.0112052
0.211773
-0.0120459
0.211029
-0.0128378
0.21022
-0.0135698
0.209356
-0.0142331
0.20845
-0.0148214
0.207511
-0.0153304
0.20655
-0.0157584
0.205576
-0.016105
0.204598
-0.0163718
0.203622
-0.0165613
0.202654
-0.0166773
0.201699
-0.0167242
0.200762
-0.0167068
0.199844
-0.0166304
0.198949
-0.0165003
0.198078
-0.016322
0.197232
-0.0161009
0.196411
-0.0158424
0.195616
-0.0155513
0.194845
-0.0152325
0.194099
-0.0148904
0.193376
-0.0145294
0.192676
-0.0141531
0.191998
-0.0137652
0.191339
-0.013369
0.1907
-0.0129675
0.190078
-0.0125632
0.189473
-0.0121588
0.188883
-0.0117561
0.188307
-0.0113572
0.187744
-0.0109636
0.187192
-0.0105767
0.186652
-0.0101976
0.186121
-0.00982714
0.1856
-0.0094662
0.185087
-0.00911533
0.184582
-0.00877499
0.184084
-0.00844551
0.183593
-0.00812711
0.183109
-0.00781991
0.182631
-0.00752396
0.182159
-0.00723924
0.181693
-0.00696565
0.181233
-0.00670305
0.180779
-0.00645127
0.18033
-0.00621008
0.179887
-0.00597924
0.17945
-0.00575847
0.179018
-0.0055475
0.178592
-0.00534601
0.178172
-0.00515369
0.177757
-0.00497023
0.177349
-0.00479529
0.176946
-0.00462856
0.176549
-0.00446971
0.176159
-0.00431843
0.175774
-0.00417439
0.175395
-0.0040373
0.175023
-0.00390685
0.174657
-0.00378274
0.174297
-0.0036647
0.173943
-0.00355244
0.173596
-0.0034457
0.173255
-0.00334423
0.17292
-0.00324777
0.172591
-0.0031561
0.172269
-0.00306897
0.171953
-0.00298617
0.171643
-0.00290751
0.171339
-0.00283276
0.171042
-0.00276176
0.17075
-0.0026943
0.170465
-0.00263024
0.170185
-0.00256939
0.169912
-0.0025116
0.169644
-0.00245674
0.169383
-0.00240466
0.169127
-0.00235522
0.168876
-0.00230831
0.168632
-0.00226382
0.168393
-0.00222162
0.168159
-0.00218163
0.167931
-0.00214374
0.167708
-0.00210786
0.16749
-0.00207391
0.167278
-0.00204182
0.16707
-0.00201151
0.166868
-0.00198291
0.16667
-0.00195595
0.166477
-0.00193056
0.166289
-0.00190669
0.166106
-0.00188425
0.165927
-0.00186318
0.165753
-0.00184336
0.165583
-0.00182469
0.165418
-0.00180699
0.165257
-0.00179007
0.165101
-0.00177363
0.164949
-0.00175726
0.164802
-0.00174042
0.164661
-0.00172234
0.164526
-0.00170226
-0.00168126
0.225735
-0.00115374
0.225908
-0.00139022
0.226089
-0.00167538
0.22626
-0.00201578
0.226412
-0.00241296
0.22654
-0.00286368
0.22664
-0.00336636
0.226705
-0.00392131
0.226728
-0.00452833
0.2267
-0.0051856
0.226611
-0.00588951
0.226453
-0.00663437
0.226216
-0.00741201
0.225894
-0.00821181
0.225482
-0.00902124
0.224979
-0.0098268
0.224389
-0.0106149
0.223716
-0.0113727
0.222967
-0.0120887
0.22215
-0.0127532
0.221275
-0.0133584
0.220352
-0.0138983
0.219391
-0.014369
0.218401
-0.014768
0.21739
-0.0150948
0.216369
-0.0153499
0.215342
-0.0155353
0.214319
-0.0156536
0.213303
-0.0157085
0.2123
-0.0157039
0.211314
-0.0156441
0.210347
-0.0155338
0.209403
-0.0153778
0.208483
-0.0151807
0.207588
-0.0149474
0.206719
-0.0146822
0.205876
-0.0143895
0.205059
-0.0140735
0.204268
-0.0137381
0.203502
-0.013387
0.20276
-0.0130234
0.202041
-0.0126504
0.201345
-0.0122711
0.20067
-0.0118878
0.200014
-0.0115031
0.199377
-0.0111189
0.198757
-0.0107371
0.198152
-0.0103593
0.197563
-0.00998696
0.196986
-0.00962115
0.196422
-0.00926291
0.195869
-0.00891306
0.195326
-0.00857228
0.194792
-0.0082411
0.194266
-0.00791994
0.193748
-0.00760909
0.193237
-0.00730877
0.192732
-0.00701911
0.192233
-0.00674014
0.191739
-0.00647186
0.191251
-0.0062142
0.190766
-0.00596704
0.190286
-0.00573022
0.189811
-0.00550357
0.189339
-0.00528684
0.188871
-0.00507981
0.188408
-0.00488221
0.187948
-0.00469376
0.187492
-0.00451418
0.18704
-0.00434316
0.186591
-0.00418042
0.186147
-0.00402563
0.185707
-0.0038785
0.185272
-0.00373873
0.18484
-0.00360601
0.184414
-0.00348005
0.183991
-0.00336055
0.183574
-0.00324723
0.183161
-0.00313982
0.182754
-0.00303803
0.182351
-0.00294162
0.181954
-0.00285033
0.181561
-0.00276391
0.181174
-0.00268212
0.180793
-0.00260475
0.180417
-0.00253156
0.180047
-0.00246237
0.179682
-0.00239695
0.179323
-0.00233513
0.178969
-0.00227673
0.178621
-0.00222156
0.178279
-0.00216947
0.177943
-0.00212031
0.177612
-0.00207392
0.177287
-0.00203018
0.176967
-0.00198893
0.176654
-0.00195008
0.176346
-0.00191349
0.176043
-0.00187907
0.175746
-0.00184671
0.175454
-0.00181631
0.175168
-0.0017878
0.174887
-0.00176108
0.174612
-0.00173609
0.174342
-0.00171275
0.174077
-0.00169099
0.173817
-0.00167075
0.173562
-0.00165197
0.173313
-0.00163458
0.173068
-0.00161851
0.172828
-0.00160368
0.172594
-0.00159
0.172364
-0.00157734
0.172139
-0.00156555
0.17192
-0.00155443
0.171707
-0.0015437
0.171499
-0.00153301
0.171299
-0.00152192
0.171107
-0.00151013
-0.0014976
0.23476
-0.00123932
0.234846
-0.00147643
0.234928
-0.00175768
0.234999
-0.0020862
0.235049
-0.0024637
0.235075
-0.00288935
0.23507
-0.00336182
0.235029
-0.00388029
0.234945
-0.00444364
0.234809
-0.00504952
0.234613
-0.00569406
0.234351
-0.00637177
0.234014
-0.00707537
0.233598
-0.00779596
0.2331
-0.0085233
0.23252
-0.00924637
0.231859
-0.00995401
0.231122
-0.0106355
0.230314
-0.0112812
0.229443
-0.0118825
0.228517
-0.0124326
0.227545
-0.012926
0.226535
-0.0133589
0.225496
-0.0137289
0.224436
-0.0140349
0.223363
-0.0142771
0.222285
-0.0144566
0.221207
-0.0145756
0.220135
-0.0146366
0.219074
-0.014643
0.218028
-0.0145985
0.217002
-0.014507
0.215996
-0.0143725
0.215015
-0.0141992
0.214058
-0.0139911
0.213129
-0.0137525
0.212227
-0.0134872
0.211352
-0.0131989
0.210505
-0.0128913
0.209686
-0.0125677
0.208894
-0.0122312
0.208128
-0.0118849
0.207388
-0.0115312
0.206673
-0.0111728
0.205982
-0.0108119
0.205314
-0.0104504
0.204667
-0.0100901
0.20404
-0.00973271
0.203432
-0.00937947
0.202843
-0.0090316
0.20227
-0.00869011
0.201713
-0.00835585
0.20117
-0.00802954
0.200641
-0.00771174
0.200124
-0.00740292
0.199618
-0.00710343
0.199123
-0.00681353
0.198637
-0.00653339
0.19816
-0.00626313
0.197691
-0.00600278
0.197229
-0.00575233
0.196774
-0.00551172
0.196325
-0.00528085
0.195881
-0.00505958
0.195441
-0.00484774
0.195007
-0.00464515
0.194576
-0.00445158
0.194149
-0.00426682
0.193726
-0.00409061
0.193305
-0.00392272
0.192888
-0.00376287
0.192473
-0.0036108
0.192061
-0.00346625
0.191651
-0.00332894
0.191243
-0.00319861
0.190838
-0.003075
0.190436
-0.00295783
0.190035
-0.00284685
0.189637
-0.00274179
0.189241
-0.00264242
0.188848
-0.00254848
0.188458
-0.00245973
0.18807
-0.00237594
0.187684
-0.00229688
0.187302
-0.00222233
0.186923
-0.00215208
0.186546
-0.00208592
0.186173
-0.00202365
0.185803
-0.00196508
0.185436
-0.00191002
0.185073
-0.00185831
0.184713
-0.00180977
0.184357
-0.00176425
0.184005
-0.00172159
0.183656
-0.00168164
0.183311
-0.00164428
0.182971
-0.00160936
0.182634
-0.00157676
0.182301
-0.00154638
0.181972
-0.00151811
0.181648
-0.00149183
0.181328
-0.00146747
0.181011
-0.00144493
0.1807
-0.00142414
0.180392
-0.00140501
0.180088
-0.00138748
0.179789
-0.00137149
0.179494
-0.00135697
0.179203
-0.00134386
0.178917
-0.00133211
0.178635
-0.00132166
0.178357
-0.00131243
0.178084
-0.00130437
0.177816
-0.00129738
0.177553
-0.00129138
0.177296
-0.00128623
0.177044
-0.00128182
0.1768
-0.00127804
0.176565
-0.00127509
-0.00127213
0.241026
-0.00122849
0.241012
-0.00146231
0.240989
-0.00173529
0.240953
-0.00204946
0.240895
-0.00240599
0.24081
-0.00280472
0.240693
-0.00324475
0.240538
-0.00372493
0.240338
-0.00424366
0.240087
-0.00479836
0.239778
-0.00538526
0.239406
-0.00599932
0.238964
-0.00663418
0.238451
-0.00728231
0.237863
-0.00793517
0.2372
-0.00858366
0.236464
-0.00921849
0.23566
-0.00983069
0.23479
-0.010412
0.233863
-0.0109551
0.232884
-0.0114539
0.231862
-0.0119035
0.230803
-0.0123003
0.229716
-0.0126419
0.228608
-0.0129269
0.227487
-0.0131553
0.226358
-0.0133277
0.225228
-0.0134455
0.224102
-0.013511
0.222986
-0.0135266
0.221882
-0.0134955
0.220796
-0.0134209
0.21973
-0.0133065
0.218687
-0.0131556
0.217668
-0.0129721
0.216675
-0.0127595
0.215709
-0.0125214
0.214771
-0.012261
0.213862
-0.0119818
0.212981
-0.0116867
0.212128
-0.0113787
0.211304
-0.0110605
0.210507
-0.0107347
0.209738
-0.0104034
0.208995
-0.0100688
0.208277
-0.00973292
0.207585
-0.00939732
0.206915
-0.00906357
0.206269
-0.008733
0.205644
-0.00840676
0.20504
-0.00808586
0.204455
-0.00777114
0.203889
-0.00746333
0.20334
-0.00716302
0.202808
-0.00687068
0.202291
-0.0065867
0.201789
-0.00631136
0.201301
-0.00604488
0.200825
-0.00578739
0.200361
-0.00553896
0.199908
-0.00529962
0.199466
-0.00506935
0.199033
-0.00484807
0.198609
-0.00463569
0.198194
-0.00443207
0.197786
-0.00423705
0.197384
-0.00405046
0.19699
-0.00387211
0.196601
-0.00370178
0.196217
-0.00353925
0.195839
-0.00338431
0.195465
-0.00323671
0.195095
-0.00309622
0.194728
-0.00296261
0.194365
-0.00283564
0.194005
-0.00271507
0.193648
-0.00260066
0.193294
-0.00249219
0.192941
-0.00238943
0.192591
-0.00229216
0.192243
-0.00220014
0.191896
-0.00211318
0.191551
-0.00203106
0.191208
-0.00195357
0.190866
-0.00188051
0.190526
-0.0018117
0.190187
-0.00174693
0.189849
-0.00168604
0.189513
-0.00162884
0.189178
-0.00157517
0.188844
-0.00152485
0.188512
-0.00147774
0.188182
-0.00143368
0.187853
-0.00139253
0.187525
-0.00135415
0.187199
-0.00131841
0.186875
-0.00128517
0.186553
-0.00125433
0.186232
-0.00122576
0.185913
-0.00119936
0.185596
-0.00117504
0.185282
-0.0011527
0.184969
-0.00113225
0.184658
-0.00111361
0.18435
-0.00109672
0.184044
-0.00108149
0.183741
-0.00106788
0.183439
-0.00105581
0.183141
-0.00104526
0.182845
-0.00103616
0.182552
-0.00102849
0.182261
-0.00102222
0.181974
-0.00101732
0.181691
-0.00101379
0.181411
-0.00101163
0.181136
-0.00101089
0.180865
-0.00101165
0.180602
-0.00101414
0.180345
-0.00101896
-0.00102483
0.244742
-0.00113139
0.244641
-0.00136101
0.24453
-0.00162458
0.244404
-0.00192366
0.244258
-0.00225913
0.244084
-0.00263104
0.243878
-0.0030387
0.243634
-0.00348093
0.243346
-0.00395594
0.243009
-0.00446118
0.242617
-0.00499318
0.242165
-0.00554742
0.241649
-0.00611842
0.241067
-0.00669974
0.240416
-0.00728424
0.239696
-0.00786429
0.23891
-0.00843216
0.23806
-0.00898031
0.237149
-0.00950171
0.236184
-0.00999011
0.235171
-0.0104401
0.234115
-0.0108475
0.233023
-0.0112087
0.231903
-0.0115216
0.230761
-0.0117847
0.229603
-0.0119977
0.228436
-0.0121607
0.227265
-0.012275
0.226097
-0.0123421
0.224934
-0.0123641
0.223782
-0.0123436
0.222645
-0.0122834
0.221525
-0.0121864
0.220425
-0.0120558
0.219347
-0.0118947
0.218294
-0.0117064
0.217267
-0.011494
0.216266
-0.0112605
0.215293
-0.0110089
0.214349
-0.0107419
0.213432
-0.0104623
0.212544
-0.0101726
0.211685
-0.00987498
0.210853
-0.00957168
0.210049
-0.00926465
0.209271
-0.00895566
0.20852
-0.00864633
0.207795
-0.0083381
0.207094
-0.00803224
0.206417
-0.00772986
0.205763
-0.00743195
0.205132
-0.00713932
0.204521
-0.00685269
0.20393
-0.00657265
0.203359
-0.00629968
0.202807
-0.00603418
0.202272
-0.00577645
0.201754
-0.00552671
0.201252
-0.00528512
0.200764
-0.00505179
0.200292
-0.00482675
0.199832
-0.00461001
0.199386
-0.00440152
0.198951
-0.00420121
0.198528
-0.00400897
0.198116
-0.00382466
0.197713
-0.00364814
0.197321
-0.00347924
0.196936
-0.00331776
0.196561
-0.00316352
0.196193
-0.00301631
0.195832
-0.00287592
0.195478
-0.00274215
0.19513
-0.00261477
0.194788
-0.00249357
0.194451
-0.00237834
0.194119
-0.00226886
0.193792
-0.00216492
0.193469
-0.00206633
0.19315
-0.00197287
0.192834
-0.00188435
0.192521
-0.00180057
0.192212
-0.00172135
0.191904
-0.00164649
0.1916
-0.00157582
0.191297
-0.00150916
0.190997
-0.00144635
0.190698
-0.00138721
0.190401
-0.0013316
0.190105
-0.00127935
0.18981
-0.00123033
0.189517
-0.00118438
0.189225
-0.00114138
0.188933
-0.0011012
0.188643
-0.00106371
0.188353
-0.00102879
0.188064
-0.000996328
0.187776
-0.000966214
0.187489
-0.000938348
0.187202
-0.000912636
0.186916
-0.000888987
0.18663
-0.000867321
0.186346
-0.000847561
0.186062
-0.000829635
0.185779
-0.000813477
0.185496
-0.000799029
0.185214
-0.00078624
0.184934
-0.000775068
0.184654
-0.000765478
0.184375
-0.000757451
0.184098
-0.000750977
0.183821
-0.000746066
0.183547
-0.000742748
0.183274
-0.000741084
0.183004
-0.000741181
0.182736
-0.000743208
0.182472
-0.00074743
0.182212
-0.000754311
0.181958
-0.000764701
-0.000777018
0.246324
-0.000987125
0.246173
-0.00120993
0.24601
-0.00146176
0.24583
-0.00174386
0.245628
-0.00205692
0.245398
-0.00240099
0.245135
-0.0027755
0.244833
-0.0031793
0.244488
-0.00361068
0.244094
-0.00406726
0.243647
-0.00454591
0.243142
-0.00504266
0.242576
-0.00555278
0.241947
-0.0060708
0.241254
-0.0065907
0.240496
-0.0071061
0.239674
-0.00761055
0.238792
-0.00809771
0.237851
-0.00856165
0.236858
-0.00899701
0.235817
-0.00939915
0.234734
-0.00976422
0.233615
-0.0100892
0.232465
-0.0103719
0.231291
-0.0106111
0.2301
-0.010806
0.228896
-0.0109568
0.227685
-0.0110643
0.226473
-0.0111297
0.225263
-0.0111548
0.224061
-0.0111416
0.222871
-0.0110925
0.221694
-0.0110099
0.220535
-0.0108967
0.219396
-0.0107556
0.218279
-0.0105894
0.217186
-0.0104008
0.216118
-0.0101925
0.215076
-0.00996729
0.214062
-0.00972756
0.213075
-0.00947576
0.212117
-0.00921415
0.211187
-0.00894483
0.210285
-0.00866979
0.209411
-0.00839082
0.208565
-0.00810958
0.207746
-0.00782756
0.206954
-0.00754611
0.206188
-0.00726641
0.205448
-0.00698953
0.204732
-0.00671637
0.204041
-0.00644776
0.203373
-0.00618435
0.202727
-0.00592673
0.202102
-0.00567537
0.201499
-0.00543066
0.200915
-0.00519291
0.200351
-0.00496235
0.199805
-0.00473914
0.199276
-0.0045234
0.198765
-0.00431519
0.198269
-0.00411453
0.197789
-0.00392139
0.197324
-0.00373571
0.196872
-0.0035574
0.196434
-0.00338636
0.196008
-0.00322245
0.195595
-0.00306553
0.195192
-0.00291542
0.194801
-0.00277195
0.194419
-0.00263494
0.194047
-0.0025042
0.193685
-0.00237954
0.193331
-0.00226076
0.192985
-0.00214767
0.192647
-0.00204006
0.192316
-0.00193775
0.191991
-0.00184054
0.191673
-0.00174826
0.191361
-0.0016607
0.191054
-0.0015777
0.190753
-0.00149906
0.190456
-0.00142462
0.190164
-0.00135421
0.189876
-0.00128766
0.189591
-0.00122482
0.18931
-0.00116553
0.189033
-0.00110963
0.188758
-0.00105699
0.188486
-0.00100747
0.188217
-0.000960924
0.18795
-0.00091724
0.187685
-0.000876295
0.187421
-0.000837972
0.18716
-0.000802158
0.1869
-0.000768742
0.186641
-0.000737624
0.186384
-0.000708709
0.186127
-0.000681908
0.185872
-0.000657139
0.185617
-0.000634326
0.185363
-0.0006134
0.18511
-0.000594298
0.184857
-0.000576961
0.184605
-0.000561335
0.184353
-0.000547372
0.184102
-0.000535035
0.183851
-0.000524298
0.183601
-0.000515148
0.183351
-0.000507587
0.183102
-0.000501634
0.182853
-0.000497335
0.182605
-0.000494765
0.182358
-0.000494044
0.182112
-0.000495354
0.181868
-0.00049896
0.181626
-0.000505247
0.181386
-0.000514799
0.18115
-0.000528496
-0.000544555
0.2462
-0.000816131
0.246018
-0.00102812
0.245821
-0.00126455
0.245603
-0.00152641
0.245361
-0.00181425
0.245088
-0.00212806
0.24478
-0.00246733
0.244431
-0.00283103
0.244038
-0.0032176
0.243596
-0.00362488
0.2431
-0.00405012
0.242547
-0.00448988
0.241935
-0.0049401
0.24126
-0.00539617
0.240523
-0.00585305
0.239722
-0.00630543
0.238859
-0.00674792
0.237937
-0.00717526
0.236958
-0.00758245
0.235926
-0.00796498
0.234845
-0.00831885
0.233722
-0.00864072
0.232561
-0.00892796
0.231367
-0.00917859
0.230147
-0.00939135
0.228907
-0.0095656
0.227652
-0.00970133
0.226386
-0.00979905
0.225116
-0.00985975
0.223846
-0.00988481
0.222581
-0.00987594
0.221323
-0.00983511
0.220078
-0.00976448
0.218848
-0.00966636
0.217635
-0.00954312
0.216443
-0.00939718
0.215273
-0.00923096
0.214127
-0.00904684
0.213007
-0.00884716
0.211914
-0.00863414
0.210848
-0.00840992
0.20981
-0.00817653
0.208801
-0.00793587
0.207821
-0.0076897
0.20687
-0.00743966
0.205948
-0.00718724
0.205054
-0.0069338
0.204188
-0.00668057
0.203351
-0.00642866
0.20254
-0.00617902
0.201756
-0.00593252
0.200998
-0.00568989
0.200266
-0.00545178
0.199558
-0.00521873
0.198874
-0.00499119
0.198213
-0.00476952
0.197574
-0.00455403
0.196956
-0.00434494
0.19636
-0.00414243
0.195783
-0.00394661
0.195225
-0.00375755
0.194686
-0.00357527
0.194164
-0.00339977
0.19366
-0.003231
0.193171
-0.00306889
0.192698
-0.00291335
0.19224
-0.00276427
0.191796
-0.0026215
0.191365
-0.00248491
0.190948
-0.00235434
0.190542
-0.00222963
0.190149
-0.0021106
0.189766
-0.00199709
0.189394
-0.00188891
0.189033
-0.0017859
0.18868
-0.00168786
0.188337
-0.00159464
0.188003
-0.00150606
0.187677
-0.00142194
0.187358
-0.00134213
0.187047
-0.00126645
0.186742
-0.00119475
0.186445
-0.00112686
0.186153
-0.00106263
0.185867
-0.00100191
0.185587
-0.000944558
0.185312
-0.000890435
0.185042
-0.000839399
0.184776
-0.000791313
0.184515
-0.000746051
0.184257
-0.000703497
0.184003
-0.000663541
0.183753
-0.000626079
0.183506
-0.000591002
0.183262
-0.000558202
0.183021
-0.000527579
0.182782
-0.00049904
0.182546
-0.000472502
0.182312
-0.000447887
0.18208
-0.000425124
0.18185
-0.000404147
0.181621
-0.000384898
0.181395
-0.000367329
0.181169
-0.000351392
0.180945
-0.000337037
0.180721
-0.000324226
0.180499
-0.000312934
0.180278
-0.000303151
0.180058
-0.00029488
0.179838
-0.000288142
0.17962
-0.00028298
0.179402
-0.000279464
0.179185
-0.000277705
0.178969
-0.000277861
0.178754
-0.000280161
0.178539
-0.000284928
0.178327
-0.000292609
0.178116
-0.000303834
0.177907
-0.000319375
-0.000337332
0.244006
-0.000634831
0.243808
-0.000829943
0.243589
-0.00104534
0.243344
-0.00128179
0.24307
-0.00153966
0.242761
-0.00181892
0.242412
-0.00211909
0.242021
-0.00243926
0.241581
-0.00277807
0.24109
-0.00313364
0.240543
-0.00350358
0.239939
-0.00388499
0.239273
-0.00427445
0.238545
-0.00466812
0.237754
-0.00506183
0.236899
-0.0054512
0.235983
-0.0058318
0.235007
-0.00619928
0.233974
-0.00654951
0.232888
-0.0068787
0.231753
-0.0071835
0.230573
-0.00746109
0.229354
-0.00770919
0.228102
-0.00792609
0.226821
-0.00811063
0.225518
-0.00826221
0.224197
-0.00838074
0.222865
-0.00846655
0.221525
-0.00852043
0.220184
-0.00854346
0.218845
-0.00853705
0.217513
-0.00850283
0.216191
-0.00844259
0.214883
-0.00835827
0.213592
-0.00825188
0.21232
-0.0081255
0.21107
-0.00798118
0.209844
-0.00782098
0.208644
-0.00764691
0.207471
-0.0074609
0.206326
-0.00726483
0.20521
-0.00706046
0.204123
-0.00684945
0.203067
-0.00663335
0.202041
-0.00641362
0.201045
-0.00619157
0.20008
-0.00596842
0.199145
-0.00574525
0.198239
-0.00552305
0.197363
-0.0053027
0.196515
-0.00508495
0.195696
-0.00487049
0.194904
-0.0046599
0.194139
-0.00445367
0.1934
-0.00425221
0.192686
-0.00405587
0.191997
-0.00386493
0.191332
-0.00367961
0.190689
-0.00350006
0.190069
-0.0033264
0.18947
-0.00315871
0.188892
-0.00299701
0.188333
-0.0028413
0.187794
-0.00269156
0.187273
-0.00254773
0.186769
-0.00240973
0.186282
-0.00227746
0.185812
-0.00215082
0.185356
-0.00202966
0.184916
-0.00191387
0.18449
-0.00180329
0.184077
-0.00169777
0.183677
-0.00159717
0.183289
-0.00150132
0.182913
-0.00141007
0.182549
-0.00132327
0.182195
-0.00124076
0.181851
-0.00116239
0.181517
-0.00108801
0.181193
-0.00101749
0.180877
-0.000950668
0.18057
-0.000887398
0.18027
-0.000827535
0.179979
-0.000770943
0.179694
-0.000717496
0.179417
-0.000667071
0.179146
-0.000619537
0.178881
-0.000574757
0.178622
-0.000532606
0.178369
-0.000492969
0.178122
-0.000455743
0.177879
-0.000420839
0.177641
-0.000388174
0.177408
-0.000357644
0.177178
-0.000329133
0.176953
-0.00030255
0.176732
-0.000277814
0.176515
-0.000254853
0.1763
-0.000233602
0.176089
-0.000213997
0.175881
-0.00019598
0.175676
-0.000179502
0.175473
-0.000164532
0.175272
-0.000151028
0.175074
-0.000138934
0.174878
-0.000128221
0.174684
-0.000118882
0.174492
-0.00011092
0.174301
-0.00010435
0.174113
-9.92067e-05
0.173925
-9.55452e-05
0.173739
-9.34515e-05
0.173554
-9.30512e-05
0.173371
-9.45216e-05
0.173189
-9.81096e-05
0.173008
-0.000104156
0.172829
-0.000113129
0.172651
-0.000125697
0.172474
-0.000142597
-0.000161938
0.238736
-0.000470284
0.238547
-0.000641091
0.23833
-0.000828365
0.238081
-0.00103271
0.237796
-0.00125441
0.23747
-0.00149338
0.2371
-0.00174919
0.236682
-0.00202107
0.236212
-0.00230787
0.235686
-0.00260799
0.235102
-0.00291947
0.234457
-0.00323992
0.233749
-0.00356652
0.232977
-0.00389616
0.232141
-0.00422545
0.231241
-0.00455083
0.230278
-0.00486873
0.229254
-0.00517562
0.228173
-0.00546812
0.227037
-0.00574316
0.225851
-0.00599799
0.224621
-0.00623026
0.22335
-0.00643806
0.222043
-0.00661994
0.220708
-0.00677492
0.219348
-0.00690243
0.217969
-0.00700232
0.216578
-0.00707483
0.215178
-0.00712054
0.213775
-0.00714031
0.212373
-0.00713524
0.210977
-0.00710666
0.20959
-0.00705602
0.208217
-0.00698492
0.20686
-0.00689502
0.205523
-0.00678802
0.204207
-0.00666566
0.202916
-0.00652965
0.20165
-0.00638167
0.200413
-0.00622337
0.199204
-0.00605631
0.198026
-0.00588201
0.196878
-0.00570187
0.195762
-0.00551723
0.194678
-0.00532932
0.193626
-0.00513928
0.192605
-0.00494815
0.191617
-0.00475689
0.19066
-0.00456633
0.189735
-0.00437724
0.18884
-0.0041903
0.187976
-0.00400609
0.187141
-0.00382513
0.186335
-0.00364785
0.185558
-0.00347463
0.184807
-0.00330577
0.184084
-0.00314152
0.183386
-0.00298208
0.182714
-0.0028276
0.182066
-0.00267819
0.181441
-0.00253392
0.180839
-0.00239482
0.180258
-0.0022609
0.179699
-0.00213215
0.17916
-0.00200851
0.17864
-0.00188992
0.178139
-0.00177631
0.177656
-0.00166758
0.177189
-0.00156362
0.17674
-0.00146432
0.176306
-0.00136955
0.175888
-0.00127918
0.175484
-0.00119308
0.175093
-0.00111112
0.174716
-0.00103317
0.174352
-0.000959085
0.174
-0.000888739
0.17366
-0.000822004
0.173331
-0.000758761
0.173012
-0.000698894
0.172704
-0.00064227
0.172405
-0.000588745
0.172116
-0.000538187
0.171835
-0.000490479
0.171563
-0.000445526
0.171299
-0.000403235
0.171043
-0.000363476
0.170795
-0.000326105
0.170553
-0.000291007
0.170318
-0.000258081
0.17009
-0.000227236
0.169867
-0.000198402
0.16965
-0.000171533
0.169439
-0.000146508
0.169233
-0.000123193
0.169032
-0.000101531
0.168836
-8.14668e-05
0.168644
-6.29494e-05
0.168456
-4.59246e-05
0.168273
-3.03391e-05
0.168093
-1.61386e-05
0.167917
-3.26056e-06
0.167744
8.38937e-06
0.167574
1.88368e-05
0.167407
2.8024e-05
0.167243
3.59294e-05
0.167081
4.25591e-05
0.166923
4.79168e-05
0.166766
5.19935e-05
0.166612
5.47599e-05
0.16646
5.61623e-05
0.166311
5.61156e-05
0.166163
5.44953e-05
0.166018
5.11251e-05
0.165874
4.57645e-05
0.165732
3.80958e-05
0.165591
2.7717e-05
0.165451
1.40933e-05
0.165312
-3.6779e-06
-2.41695e-05
0.230414
-0.000282196
0.230201
-0.000428484
0.22996
-0.000586938
0.229686
-0.00075821
0.229374
-0.000942544
0.22902
-0.00113986
0.228621
-0.00134992
0.228172
-0.00157216
0.22767
-0.00180568
0.227111
-0.00204927
0.226493
-0.00230139
0.225813
-0.00256018
0.22507
-0.00282346
0.224263
-0.0030888
0.223391
-0.00335354
0.222455
-0.00361493
0.221457
-0.00387016
0.220397
-0.00411648
0.219281
-0.00435125
0.218109
-0.00457204
0.216888
-0.00477668
0.215621
-0.00496329
0.214313
-0.00513034
0.21297
-0.00527666
0.211597
-0.00540142
0.210198
-0.00550413
0.208781
-0.00558463
0.207349
-0.00564308
0.205908
-0.00567988
0.204464
-0.0056957
0.20302
-0.00569137
0.201581
-0.00566794
0.200152
-0.00562653
0.198735
-0.00556842
0.197335
-0.00549493
0.195954
-0.0054074
0.194596
-0.00530725
0.193262
-0.00519584
0.191955
-0.00507454
0.190676
-0.00494467
0.189428
-0.00480754
0.18821
-0.00466435
0.187024
-0.00451627
0.185871
-0.0043644
0.184752
-0.00420974
0.183666
-0.00405326
0.182613
-0.00389579
0.181595
-0.00373815
0.180609
-0.00358103
0.179657
-0.00342507
0.178738
-0.00327084
0.17785
-0.00311883
0.176995
-0.00296948
0.17617
-0.00282317
0.175376
-0.0026802
0.174611
-0.00254084
0.173875
-0.00240531
0.173166
-0.00227377
0.172485
-0.00214637
0.17183
-0.0020232
0.1712
-0.00190432
0.170595
-0.00178976
0.170014
-0.00167955
0.169456
-0.00157366
0.168919
-0.00147206
0.168404
-0.0013747
0.167909
-0.00128153
0.167434
-0.00119245
0.166978
-0.00110739
0.16654
-0.00102624
0.166119
-0.000948903
0.165715
-0.000875261
0.165327
-0.000805204
0.164955
-0.000738624
0.164597
-0.000675413
0.164253
-0.000615457
0.163923
-0.000558637
0.163606
-0.000504851
0.163301
-0.000454012
0.163008
-0.000406048
0.162727
-0.000360832
0.162456
-0.000318207
0.162196
-0.00027805
0.161946
-0.00024026
0.161705
-0.000204776
0.161474
-0.000171552
0.161251
-0.000140429
0.161036
-0.000111241
0.160829
-8.39204e-05
0.160629
-5.83998e-05
0.160436
-3.45849e-05
0.16025
-1.23145e-05
0.16007
8.61874e-06
0.159895
2.8146e-05
0.159726
4.60921e-05
0.159562
6.24836e-05
0.159403
7.73895e-05
0.159249
9.08844e-05
0.1591
0.00010304
0.158956
0.00011392
0.158816
0.000123585
0.158681
0.000132085
0.15855
0.000139448
0.158423
0.000145715
0.1583
0.000150944
0.158181
0.000155166
0.158065
0.000158387
0.157953
0.000160599
0.157843
0.000161782
0.157736
0.000161901
0.157631
0.000160899
0.157528
0.000158691
0.157428
0.000155157
0.157329
0.000150131
0.157231
0.000143389
0.157134
0.000134624
0.157039
0.000123415
0.156944
0.000109127
0.156849
9.09316e-05
7.03397e-05
0.219335
-3.66707e-05
0.219065
-0.000158227
0.218766
-0.000288153
0.218435
-0.000427228
0.218068
-0.000575152
0.21766
-0.000731718
0.217207
-0.00089701
0.216706
-0.0010707
0.216152
-0.00125216
0.215543
-0.00144059
0.214877
-0.00163495
0.214151
-0.0018339
0.213363
-0.00203581
0.212513
-0.00223891
0.211601
-0.00244124
0.210627
-0.00264076
0.209592
-0.00283542
0.208499
-0.00302316
0.207349
-0.00320203
0.206148
-0.00337023
0.204897
-0.00352614
0.203602
-0.00366833
0.202267
-0.00379567
0.200898
-0.00390725
0.199499
-0.00400242
0.198076
-0.00408081
0.196633
-0.00414228
0.195177
-0.00418691
0.193712
-0.00421499
0.192244
-0.00422701
0.190776
-0.00422358
0.189313
-0.00420547
0.18786
-0.00417355
0.186421
-0.00412874
0.184998
-0.00407206
0.183595
-0.00400454
0.182215
-0.00392723
0.18086
-0.00384119
0.179533
-0.00374747
0.178236
-0.00364709
0.176969
-0.00354104
0.175735
-0.00343027
0.174534
-0.00331567
0.173368
-0.0031981
0.172237
-0.00307835
0.171141
-0.00295716
0.17008
-0.00283519
0.169055
-0.00271308
0.168065
-0.00259138
0.167111
-0.00247059
0.166191
-0.00235115
0.165306
-0.00223347
0.164454
-0.00211789
0.163636
-0.0020047
0.16285
-0.00189416
0.162095
-0.00178648
0.161372
-0.00168184
0.160678
-0.00158036
0.160014
-0.00148217
0.159378
-0.00138734
0.15877
-0.00129593
0.158188
-0.00120795
0.157632
-0.00112344
0.157101
-0.00104236
0.156593
-0.000964712
0.156109
-0.000890442
0.155647
-0.000819503
0.155206
-0.000751832
0.154786
-0.000687356
0.154386
-0.000625993
0.154005
-0.000567652
0.153642
-0.000512238
0.153296
-0.000459657
0.152968
-0.000409829
0.152655
-0.000362679
0.152357
-0.000318095
0.152075
-0.00027596
0.151806
-0.000236192
0.151551
-0.000198745
0.151308
-0.000163618
0.151078
-0.00013065
0.15086
-9.96344e-05
0.150652
-7.04984e-05
0.150455
-4.31411e-05
0.150268
-1.7338e-05
0.150089
7.16634e-06
0.149918
3.02078e-05
0.149755
5.15066e-05
0.1496
7.10809e-05
0.149453
8.90152e-05
0.149313
0.0001054
0.14918
0.0001203
0.149055
0.000133757
0.148938
0.000145903
0.148827
0.000156896
0.148722
0.000166796
0.148624
0.000175644
0.148532
0.000183482
0.148444
0.000190353
0.148362
0.000196297
0.148284
0.000201353
0.148211
0.000205551
0.148141
0.000208914
0.148075
0.000211468
0.148013
0.000213248
0.147954
0.000214275
0.147898
0.000214562
0.147844
0.000214103
0.147793
0.000212884
0.147744
0.000210873
0.147697
0.000208022
0.147652
0.000204258
0.147607
0.000199483
0.147564
0.000193561
0.147521
0.000186312
0.147478
0.000177499
0.147435
0.000166801
0.14739
0.000153738
0.147343
0.000137575
0.000118952
0.204325
0.00028158
0.203995
0.00017105
0.203648
5.92075e-05
0.203274
-5.32486e-05
0.202867
-0.00016808
0.202423
-0.000287343
0.201937
-0.000411541
0.201406
-0.000540043
0.200827
-0.000672312
0.200194
-0.000808229
0.199507
-0.000947294
0.198761
-0.00108869
0.197957
-0.00123142
0.197093
-0.00137434
0.196167
-0.00151617
0.195182
-0.0016556
0.194138
-0.00179127
0.193037
-0.00192183
0.191881
-0.00204601
0.190673
-0.00216261
0.189418
-0.00227056
0.188118
-0.00236894
0.18678
-0.00245698
0.185406
-0.00253409
0.184004
-0.00259984
0.182577
-0.00265399
0.181131
-0.00269645
0.179672
-0.00272728
0.178203
-0.0027467
0.176731
-0.00275503
0.17526
-0.0027527
0.173795
-0.00274024
0.17234
-0.00271824
0.170898
-0.00268734
0.169475
-0.00264825
0.168072
-0.00260168
0.166693
-0.00254835
0.165341
-0.00248899
0.164018
-0.00242433
0.162726
-0.00235508
0.161466
-0.00228193
0.160242
-0.00220553
0.159053
-0.00212652
0.1579
-0.00204547
0.156784
-0.00196295
0.155707
-0.00187948
0.154667
-0.00179551
0.153665
-0.0017115
0.152702
-0.00162782
0.151776
-0.00154483
0.150888
-0.00146285
0.150037
-0.00138215
0.149222
-0.00130298
0.148442
-0.00122554
0.147698
-0.00115001
0.146988
-0.00107655
0.146312
-0.00100528
0.145668
-0.000936285
0.145055
-0.000869652
0.144473
-0.000805434
0.143921
-0.000743668
0.143397
-0.000684372
0.142901
-0.000627552
0.142432
-0.0005732
0.141989
-0.000521296
0.14157
-0.000471808
0.141175
-0.000424696
0.140803
-0.000379914
0.140454
-0.000337405
0.140125
-0.000297106
0.139816
-0.00025894
0.139526
-0.000222822
0.139256
-0.00018866
0.139002
-0.000156406
0.138765
-0.000126039
0.138545
-9.74139e-05
0.138339
-7.03954e-05
0.138148
-4.49273e-05
0.13797
-2.08013e-05
0.137804
2.37641e-06
0.137649
2.44185e-05
0.137504
4.4844e-05
0.13737
6.36161e-05
0.137246
8.07989e-05
0.137133
9.64357e-05
0.137029
0.000110556
0.136936
0.000123354
0.136853
0.00013504
0.136778
0.000145671
0.136712
0.000155283
0.136653
0.000163912
0.136602
0.000171586
0.136557
0.000178328
0.136519
0.000184201
0.136487
0.000189293
0.13646
0.000193664
0.136438
0.000197361
0.136421
0.00020042
0.136409
0.000202873
0.1364
0.00020475
0.136396
0.000206075
0.136394
0.00020687
0.136396
0.000207152
0.136401
0.000206938
0.136408
0.000206247
0.136417
0.00020509
0.136428
0.000203473
0.136441
0.000201393
0.136455
0.000198835
0.13647
0.000195775
0.136486
0.000192177
0.136502
0.000187987
0.136518
0.000183133
0.136534
0.000177524
0.136549
0.000171043
0.136563
0.00016355
0.136575
0.00015489
0.136584
0.000144893
0.136588
0.000133415
0.000120478
0.182366
0.000507809
0.182125
0.000412605
0.181864
0.00031927
0.181584
0.000227231
0.181279
0.000137438
0.180939
5.203e-05
0.180555
-2.7585e-05
0.180119
-0.000103965
0.179627
-0.000180547
0.179077
-0.000257992
0.178466
-0.00033611
0.177792
-0.000414582
0.177054
-0.00049301
0.17625
-0.000570898
0.175382
-0.000647679
0.174449
-0.000722732
0.173453
-0.00079542
0.172396
-0.000865108
0.171281
-0.000931185
0.170112
-0.000993081
0.168892
-0.00105029
0.167625
-0.00110236
0.166317
-0.00114894
0.164973
-0.00118974
0.163597
-0.00122458
0.162197
-0.00125334
0.160776
-0.001276
0.159342
-0.00129261
0.157898
-0.00130328
0.156451
-0.00130821
0.155006
-0.00130762
0.153568
-0.00130178
0.152141
-0.00129102
0.150729
-0.00127567
0.149337
-0.00125609
0.147968
-0.00123266
0.146625
-0.00120575
0.145312
-0.00117575
0.144031
-0.00114303
0.142783
-0.00110797
0.141572
-0.00107091
0.140399
-0.00103219
0.139265
-0.000992153
0.13817
-0.000951092
0.137117
-0.000909297
0.136104
-0.000867034
0.135133
-0.000824548
0.134204
-0.000782062
0.133316
-0.00073978
0.132469
-0.000697885
0.131662
-0.000656539
0.130896
-0.000615886
0.130169
-0.000576051
0.129481
-0.000537144
0.12883
-0.000499255
0.128216
-0.000462464
0.127637
-0.000426832
0.127094
-0.000392411
0.126583
-0.00035924
0.126105
-0.000327346
0.125658
-0.000296748
0.125241
-0.000267455
0.124853
-0.00023947
0.124493
-0.000212787
0.124159
-0.000187395
0.12385
-0.000163277
0.123566
-0.00014041
0.123305
-0.000118768
0.123066
-9.83174e-05
0.122848
-7.90202e-05
0.122649
-6.08294e-05
0.12247
-4.36734e-05
0.122309
-2.74054e-05
0.122164
-1.16131e-05
0.122034
4.13694e-06
0.121917
1.94166e-05
0.121813
3.35502e-05
0.121722
4.64263e-05
0.121643
5.80579e-05
0.121577
6.84118e-05
0.121524
7.77014e-05
0.121482
8.62059e-05
0.121452
9.39528e-05
0.121432
0.000100941
0.121421
0.000107165
0.121419
0.000112622
0.121425
0.000117381
0.121439
0.000121542
0.121459
0.000125166
0.121486
0.000128288
0.121519
0.000130936
0.121558
0.000133128
0.121601
0.000134885
0.121649
0.000136237
0.121701
0.000137227
0.121757
0.000137887
0.121816
0.000138244
0.121878
0.000138319
0.121943
0.000138129
0.12201
0.000137688
0.122079
0.000137009
0.12215
0.000136103
0.122222
0.000134978
0.122295
0.000133643
0.12237
0.000132104
0.122444
0.000130366
0.122519
0.000128431
0.122594
0.000126295
0.122669
0.000123949
0.122744
0.000121378
0.122817
0.000118561
0.12289
0.00011547
0.122961
0.000112065
0.12303
0.000108301
0.123097
0.000104123
0.123161
9.94873e-05
0.123222
9.43826e-05
0.123278
8.89296e-05
0.123327
8.36993e-05
7.94471e-05
0.143106
0.143519
0.143838
0.144065
0.144203
0.144255
0.144227
0.144123
0.143943
0.143685
0.143349
0.142934
0.142441
0.14187
0.141223
0.1405
0.139704
0.138839
0.137908
0.136915
0.135865
0.134762
0.133613
0.132424
0.131199
0.129946
0.12867
0.127377
0.126074
0.124766
0.123458
0.122156
0.120865
0.11959
0.118334
0.117101
0.115895
0.114719
0.113576
0.112468
0.111397
0.110365
0.109373
0.108422
0.107513
0.106646
0.105821
0.105039
0.104299
0.103601
0.102945
0.102329
0.101753
0.101216
0.100716
0.100254
0.0998271
0.0994347
0.0990754
0.0987481
0.0984513
0.0981839
0.0979444
0.0977316
0.0975442
0.0973809
0.0972405
0.0971217
0.0970234
0.0969444
0.0968836
0.0968399
0.0968125
0.0968009
0.096805
0.0968245
0.096858
0.0969044
0.0969625
0.0970309
0.0971086
0.0971948
0.0972888
0.0973897
0.0974969
0.0976095
0.0977269
0.0978485
0.0979736
0.0981019
0.0982329
0.098366
0.0985009
0.0986371
0.0987744
0.0989123
0.0990505
0.0991888
0.099327
0.0994647
0.0996017
0.0997378
0.0998728
0.100006
0.100139
0.100269
0.100397
0.100524
0.100648
0.100769
0.100888
0.101003
0.101115
0.101223
0.101328
0.101427
0.101521
0.10161
0.101694
)
;

boundaryField
{
    inlet
    {
        type            calculated;
        value           nonuniform List<scalar> 
16
(
-0.146878
-0.197482
-0.213576
-0.22462
-0.234307
-0.241456
-0.247125
-0.249529
-0.249344
-0.246158
-0.239828
-0.232755
-0.222812
-0.210235
-0.193061
-0.117088
)
;
    }
    outlet
    {
        type            calculated;
        value           nonuniform List<scalar> 
24
(
0.0834001
0.0974938
0.105868
0.113069
0.120106
0.127267
0.134622
0.142139
0.149724
0.157221
0.164398
0.170923
0.17634
0.180098
0.18171
0.180917
0.1777
0.172298
0.165174
0.156755
0.147295
0.136587
0.123368
0.101773
)
;
    }
    lowerWall
    {
        type            calculated;
        value           uniform 0;
    }
    upperWall
    {
        type            calculated;
        value           uniform 0;
    }
    frontAndBack
    {
        type            empty;
        value           nonuniform 0();
    }
}


// ************************************************************************* //
