/*--------------------------------*- C++ -*----------------------------------*\
| =========                 |                                                 |
| \\      /  F ield         | OpenFOAM: The Open Source CFD Toolbox           |
|  \\    /   O peration     | Version:  4.0                                   |
|   \\  /    A nd           | Web:      www.OpenFOAM.org                      |
|    \\/     M anipulation  |                                                 |
\*---------------------------------------------------------------------------*/
FoamFile
{
    version     2.0;
    format      ascii;
    class       pointScalarField;
    location    "85";
    object      streamFunction;
}
// * * * * * * * * * * * * * * * * * * * * * * * * * * * * * * * * * * * * * //

dimensions      [0 3 -1 0 0 0 0];

internalField   nonuniform List<scalar> 
6594
(
0
0
0
0
0
0
0
0
0
0
0
0
0
0
0
0
0
0.073439
0.074016
0.0745205
0.074968
0.0753845
0.075773
0.0761335
0.0764675
0.076778
0.0770685
0.0773425
0.077603
0.077851
0.0780845
0.0782955
0.078456
0.078649
0.17218
0.172247
0.172405
0.172588
0.172781
0.172983
0.173189
0.173399
0.173611
0.173826
0.174047
0.174275
0.174512
0.174759
0.175018
0.175294
0.175618
0.278968
0.27899
0.279067
0.279178
0.279306
0.279446
0.279598
0.279761
0.279934
0.28012
0.280322
0.28054
0.280781
0.281048
0.281347
0.28169
0.282095
0.391278
0.391328
0.391421
0.391546
0.391688
0.391844
0.392011
0.392189
0.392379
0.392584
0.392808
0.393054
0.393328
0.393637
0.393989
0.394398
0.39488
0.508432
0.508498
0.508606
0.508737
0.508882
0.509038
0.509204
0.509381
0.50957
0.509776
0.510004
0.510258
0.510545
0.510873
0.511252
0.511695
0.512217
0.62916
0.629246
0.629367
0.629498
0.629634
0.629774
0.629919
0.63007
0.630232
0.630412
0.630613
0.630842
0.631109
0.63142
0.631785
0.63222
0.632736
0.752722
0.752779
0.752835
0.752884
0.752929
0.752975
0.753027
0.753088
0.753162
0.75326
0.753385
0.753543
0.753744
0.753995
0.754305
0.754688
0.755155
0.877487
0.877455
0.877402
0.877337
0.877266
0.877195
0.877133
0.877084
0.877054
0.877053
0.877085
0.877155
0.877273
0.877446
0.877682
0.877993
0.878389
1.00216
1.00205
1.0019
1.00173
1.00156
1.00138
1.00121
1.00106
1.00093
1.00083
1.00077
1.00075
1.00079
1.00088
1.00103
1.00126
1.00157
1.12524
1.12514
1.12498
1.12477
1.12454
1.12429
1.12406
1.12383
1.12363
1.12346
1.12332
1.12323
1.12319
1.12321
1.12329
1.12344
1.12367
1.24515
1.2451
1.24495
1.24474
1.2445
1.24423
1.24397
1.24372
1.24348
1.24327
1.2431
1.24297
1.24288
1.24285
1.24287
1.24296
1.24312
1.36153
1.36143
1.36122
1.36094
1.36062
1.36028
1.35995
1.35963
1.35932
1.35905
1.35882
1.35863
1.35848
1.35838
1.35833
1.35835
1.35842
1.47294
1.47278
1.47247
1.47206
1.47162
1.47118
1.47073
1.47031
1.46991
1.46954
1.46922
1.46893
1.46869
1.46849
1.46834
1.46825
1.46821
1.57805
1.57782
1.57728
1.57665
1.576
1.57533
1.57469
1.57407
1.57349
1.57295
1.57246
1.57201
1.57162
1.57127
1.57097
1.57073
1.57053
1.67458
1.67329
1.67201
1.67081
1.66966
1.66859
1.66759
1.66669
1.66587
1.66513
1.66447
1.66388
1.66336
1.66289
1.66248
1.66213
1.66183
1.73313
1.73313
1.73313
1.73313
1.73313
1.73313
1.73313
1.73313
1.73313
1.73313
1.73313
1.73313
1.73313
1.73313
1.73313
1.73313
1.73313
0
0
0
0
0
0
0
0
0
0
0
0
0
0
0
0
0
0.073439
0.074016
0.0745205
0.074968
0.0753845
0.075773
0.0761335
0.0764675
0.076778
0.0770685
0.0773425
0.077603
0.077851
0.0780845
0.0782955
0.078456
0.078649
0.17218
0.172247
0.172405
0.172588
0.172781
0.172983
0.173189
0.173399
0.173611
0.173826
0.174047
0.174275
0.174512
0.174759
0.175018
0.175294
0.175618
0.278968
0.27899
0.279067
0.279178
0.279306
0.279446
0.279598
0.279761
0.279934
0.28012
0.280322
0.28054
0.280781
0.281048
0.281347
0.28169
0.282095
0.391278
0.391328
0.391421
0.391546
0.391688
0.391844
0.392011
0.392189
0.392379
0.392584
0.392808
0.393054
0.393328
0.393637
0.393989
0.394398
0.39488
0.508432
0.508498
0.508606
0.508737
0.508882
0.509038
0.509204
0.509381
0.50957
0.509776
0.510004
0.510258
0.510545
0.510873
0.511252
0.511695
0.512217
0.62916
0.629246
0.629367
0.629498
0.629634
0.629774
0.629919
0.63007
0.630232
0.630412
0.630613
0.630842
0.631109
0.63142
0.631785
0.63222
0.632736
0.752722
0.752779
0.752835
0.752884
0.752929
0.752975
0.753027
0.753088
0.753162
0.75326
0.753385
0.753543
0.753744
0.753995
0.754305
0.754688
0.755155
0.877487
0.877455
0.877402
0.877337
0.877266
0.877195
0.877133
0.877084
0.877054
0.877053
0.877085
0.877155
0.877273
0.877446
0.877682
0.877993
0.878389
1.00216
1.00205
1.0019
1.00173
1.00156
1.00138
1.00121
1.00106
1.00093
1.00083
1.00077
1.00075
1.00079
1.00088
1.00103
1.00126
1.00157
1.12524
1.12514
1.12498
1.12477
1.12454
1.12429
1.12406
1.12383
1.12363
1.12346
1.12332
1.12323
1.12319
1.12321
1.12329
1.12344
1.12367
1.24515
1.2451
1.24495
1.24474
1.2445
1.24423
1.24397
1.24372
1.24348
1.24327
1.2431
1.24297
1.24288
1.24285
1.24287
1.24296
1.24312
1.36153
1.36143
1.36122
1.36094
1.36062
1.36028
1.35995
1.35963
1.35932
1.35905
1.35882
1.35863
1.35848
1.35838
1.35833
1.35835
1.35842
1.47294
1.47278
1.47247
1.47206
1.47162
1.47118
1.47073
1.47031
1.46991
1.46954
1.46922
1.46893
1.46869
1.46849
1.46834
1.46825
1.46821
1.57805
1.57782
1.57728
1.57665
1.576
1.57533
1.57469
1.57407
1.57349
1.57295
1.57246
1.57201
1.57162
1.57127
1.57097
1.57073
1.57053
1.67458
1.67329
1.67201
1.67081
1.66966
1.66859
1.66759
1.66669
1.66587
1.66513
1.66447
1.66388
1.66336
1.66289
1.66248
1.66213
1.66183
1.73313
1.73313
1.73313
1.73313
1.73313
1.73313
1.73313
1.73313
1.73313
1.73313
1.73313
1.73313
1.73313
1.73313
1.73313
1.73313
1.73313
0
0
0
0
0
0
0
0
0
0
0
0
0
0
0
0
0
0
0
0
0
0
0
0
0
0
0
0
0
0
0
0
0
0
0
0
0
0
0
0
0
0
0
0
0
0
0
0
0
0
0
0
0
0
0
0
0
0
0
0
0
0
0
0
0
0
0
0
0
0
0
0
0
0
0
0
0
0
0
0
0
0
0
0
0
0
0
0
0
0
0
0
0
0
0
0
0
0
0
0
0
0
0
0
0
0
0
0
0
0
0
0
0
0
0
0
0
0
0
0
0
0
-0.00321346
-0.00648305
-0.0094304
-0.012086
-0.0144963
-0.0166948
-0.0187074
-0.0205553
-0.0222525
-0.0238026
-0.0251988
-0.0264267
-0.0274647
-0.0282866
-0.028865
-0.0291779
-0.0292128
-0.0289805
-0.0285104
-0.0278329
-0.0269751
-0.0259603
-0.0248093
-0.0235427
-0.0221812
-0.0207432
-0.0192453
-0.0177022
-0.0161264
-0.0145256
-0.0129079
-0.011284
-0.0096647
-0.0080598
-0.0064707
-0.00489576
-0.00334094
-0.00180975
-0.000305436
0.00116286
0.00258693
0.00396125
0.00528685
0.00656585
0.0078001
0.0089913
0.010141
0.0112506
0.0123214
0.0133548
0.0143518
0.0153138
0.0162418
0.0171371
0.0180007
0.0188339
0.0196377
0.0204133
0.0211616
0.0218838
0.0225809
0.023254
0.0239039
0.0245316
0.025138
0.025724
0.0262904
0.0268382
0.0273678
0.0278804
0.0283763
0.0288564
0.0293214
0.0297719
0.0302085
0.0306317
0.0310421
0.0314403
0.0318266
0.0322018
0.0325661
0.03292
0.033264
0.0335983
0.0339235
0.0342399
0.0345478
0.0348475
0.0351395
0.0354239
0.0357011
0.0359713
0.0362349
0.036492
0.0367429
0.0369879
0.0372271
0.0374608
0.0376893
0.0379126
0.0381309
0.0383446
0.0385537
0.0387584
0.038959
0.0391555
0.0393483
0.0395372
0.0397227
0.0399049
0.040084
0.0402602
0.040434
0.0406057
0.0407761
0.0409462
0.0411182
0.0412957
0.0414873
0.0417001
0
-0.00599688
-0.0118041
-0.0170517
-0.0217655
-0.0260187
-0.0298778
-0.0333975
-0.0366197
-0.0395702
-0.0422556
-0.0446646
-0.0467697
-0.0485295
-0.0498908
-0.0507975
-0.0512029
-0.0510854
-0.0504697
-0.0494121
-0.0479667
-0.0461829
-0.0441049
-0.0417711
-0.0392207
-0.0364923
-0.0336205
-0.0306363
-0.0275671
-0.0244378
-0.0212656
-0.0180661
-0.0148589
-0.0116595
-0.00847756
-0.0053282
-0.00222696
0.000819645
0.0038088
0.00673901
0.00959981
0.0123782
0.0150697
0.017674
0.0201922
0.0226264
0.0249789
0.0272518
0.0294473
0.0315677
0.0336151
0.0355917
0.0374999
0.0393417
0.0411195
0.0428352
0.0444913
0.0460899
0.047633
0.0491227
0.0505611
0.0519502
0.0532919
0.0545882
0.0558407
0.0570514
0.0582219
0.0593538
0.0604489
0.0615084
0.0625341
0.0635272
0.0644891
0.0654211
0.0663245
0.0672004
0.0680499
0.0688742
0.0696743
0.0704511
0.0712058
0.071939
0.0726518
0.0733448
0.074019
0.074675
0.0753136
0.0759355
0.0765414
0.0771318
0.0777074
0.0782687
0.0788164
0.0793508
0.0798725
0.0803821
0.08088
0.0813666
0.0818424
0.0823077
0.082763
0.0832086
0.083645
0.0840725
0.0844914
0.0849022
0.085305
0.0857004
0.0860884
0.0864697
0.0868444
0.0872131
0.0875761
0.0879342
0.088288
0.0886386
0.0889877
0.0893379
0.0896936
0.0900626
0.0904469
0
-0.00803437
-0.0156777
-0.0225321
-0.0286558
-0.0341546
-0.0391235
-0.0436393
-0.0477593
-0.0515188
-0.0549256
-0.0579631
-0.0605919
-0.0627512
-0.06436
-0.0653294
-0.065583
-0.0651012
-0.0639361
-0.062164
-0.059858
-0.0570856
-0.0539091
-0.050381
-0.0465571
-0.0424914
-0.038231
-0.0338177
-0.0292877
-0.0246716
-0.0200023
-0.0153122
-0.0106243
-0.00595745
-0.00132726
0.00324884
0.00775399
0.0121773
0.0165121
0.0207532
0.0248916
0.0289171
0.0328247
0.0366122
0.04028
0.043829
0.0472616
0.0505801
0.053787
0.0568852
0.0598778
0.0627677
0.0655581
0.0682521
0.0708528
0.0733634
0.0757872
0.0781271
0.0803863
0.0825678
0.0846746
0.0867094
0.0886754
0.0905749
0.0924109
0.0941857
0.095902
0.0975622
0.0991684
0.100723
0.102228
0.103686
0.105098
0.106466
0.107793
0.10908
0.110328
0.11154
0.112716
0.113858
0.114968
0.116047
0.117096
0.118116
0.119109
0.120075
0.121016
0.121933
0.122826
0.123697
0.124546
0.125375
0.126184
0.126973
0.127744
0.128498
0.129234
0.129955
0.130659
0.131348
0.132023
0.132684
0.133332
0.133966
0.134588
0.135199
0.135798
0.136386
0.136964
0.137533
0.138091
0.138641
0.139183
0.139717
0.140244
0.140767
0.141285
0.141802
0.142322
0.142848
0.143381
0
-0.00937357
-0.0181245
-0.0258587
-0.0327072
-0.0388179
-0.0443057
-0.0492581
-0.05374
-0.0577929
-0.0614237
-0.0646092
-0.0672979
-0.069412
-0.0708408
-0.07146
-0.0711811
-0.0700201
-0.0680614
-0.0653909
-0.0620911
-0.0582393
-0.0539067
-0.0491623
-0.0440782
-0.0387157
-0.0331301
-0.0273715
-0.0214838
-0.0155068
-0.00947863
-0.00343543
0.00259378
0.00858504
0.014518
0.0203735
0.0261343
0.031787
0.037322
0.0427314
0.048007
0.053141
0.0581284
0.0629666
0.067655
0.0721943
0.0765865
0.0808338
0.0849395
0.0889068
0.0927391
0.0964404
0.100015
0.103465
0.106797
0.110013
0.113118
0.116116
0.119011
0.121806
0.124505
0.127113
0.129632
0.132066
0.134419
0.136694
0.138894
0.141022
0.143081
0.145074
0.147003
0.148872
0.150683
0.152438
0.154139
0.155789
0.15739
0.158945
0.160454
0.161919
0.163344
0.164728
0.166075
0.167385
0.16866
0.169901
0.17111
0.172288
0.173436
0.174555
0.175647
0.176713
0.177754
0.17877
0.179762
0.180733
0.181682
0.18261
0.183518
0.184407
0.185278
0.186131
0.186967
0.187787
0.188591
0.189381
0.190156
0.190917
0.191665
0.192401
0.193125
0.193838
0.19454
0.195233
0.195917
0.196593
0.197263
0.197928
0.198591
0.199254
0.199915
0
-0.01016
-0.0192613
-0.027064
-0.0338669
-0.03987
-0.0451895
-0.049909
-0.054094
-0.0577907
-0.0610061
-0.0637056
-0.0658217
-0.0672606
-0.067875
-0.0675325
-0.0662196
-0.0640075
-0.0609742
-0.0572012
-0.0527704
-0.0477614
-0.0422505
-0.0363119
-0.030019
-0.0234382
-0.0166299
-0.00964886
-0.00254414
0.00463989
0.0118622
0.0190853
0.0262774
0.0334111
0.0404637
0.0474145
0.0542461
0.0609439
0.067497
0.0738963
0.0801339
0.0862033
0.0921001
0.0978217
0.103367
0.108738
0.113935
0.118962
0.123821
0.128517
0.133052
0.137433
0.141663
0.145747
0.14969
0.153496
0.157171
0.160718
0.164143
0.16745
0.170644
0.173729
0.176709
0.179588
0.182371
0.185062
0.187664
0.19018
0.192615
0.194972
0.197254
0.199464
0.201606
0.203681
0.205693
0.207645
0.209538
0.211377
0.213162
0.214895
0.21658
0.218219
0.219812
0.221362
0.222871
0.224339
0.225771
0.227165
0.228525
0.229851
0.231144
0.232407
0.233641
0.234845
0.236022
0.237173
0.238299
0.239401
0.240479
0.241535
0.24257
0.243584
0.244578
0.245553
0.24651
0.24745
0.248373
0.24928
0.250173
0.25105
0.251914
0.252765
0.253603
0.25443
0.255246
0.256052
0.25685
0.257639
0.258423
0.259199
0.259968
0
-0.0106584
-0.0191196
-0.0259102
-0.0316723
-0.0366259
-0.0408623
-0.044457
-0.0474755
-0.0499692
-0.0519387
-0.0533269
-0.0540375
-0.053935
-0.0529325
-0.051035
-0.0482764
-0.0447035
-0.0403754
-0.0353588
-0.0297245
-0.0235447
-0.0168913
-0.00983477
-0.00244452
0.00521438
0.013082
0.021103
0.0292277
0.0374106
0.0456104
0.05379
0.0619171
0.0699635
0.0779057
0.0857228
0.0933976
0.100915
0.108265
0.115436
0.122423
0.129219
0.135821
0.142226
0.148434
0.154446
0.160264
0.16589
0.171329
0.176585
0.181661
0.186564
0.191297
0.195866
0.200278
0.204535
0.208645
0.212612
0.216442
0.220139
0.223709
0.227157
0.230488
0.233705
0.236815
0.239821
0.242727
0.245538
0.248257
0.250889
0.253438
0.255905
0.258296
0.260613
0.262859
0.265038
0.267151
0.269204
0.271196
0.273131
0.275012
0.276841
0.27862
0.28035
0.282035
0.283675
0.285274
0.286832
0.28835
0.289832
0.291278
0.29269
0.294069
0.295416
0.296732
0.29802
0.299281
0.300514
0.301722
0.302905
0.304065
0.305202
0.306317
0.307412
0.308486
0.309542
0.31058
0.311599
0.312603
0.31359
0.314562
0.315521
0.316465
0.317396
0.318316
0.319224
0.320121
0.321007
0.321884
0.322748
0.323602
0
-0.0106113
-0.0162229
-0.020221
-0.0234084
-0.0258983
-0.0277593
-0.0290588
-0.0298362
-0.0300718
-0.0297159
-0.0287487
-0.027155
-0.0249069
-0.0219771
-0.0183465
-0.0140231
-0.00903098
-0.00340715
0.00280165
0.00954162
0.0167543
0.0243786
0.0323533
0.040617
0.0491108
0.0577794
0.0665709
0.075438
0.0843373
0.0932293
0.102079
0.110854
0.119529
0.12808
0.136486
0.144732
0.152802
0.160687
0.168376
0.175864
0.183145
0.190216
0.197076
0.203723
0.210159
0.216388
0.222411
0.228233
0.233857
0.23929
0.244535
0.249599
0.254486
0.259204
0.263756
0.268149
0.272389
0.276482
0.280432
0.284246
0.287928
0.291485
0.294919
0.298238
0.301446
0.304547
0.307545
0.310445
0.313252
0.315969
0.3186
0.321148
0.323617
0.32601
0.328332
0.330584
0.33277
0.334893
0.336954
0.338958
0.340906
0.342801
0.344644
0.34644
0.348187
0.34989
0.351551
0.353169
0.354749
0.356291
0.357797
0.359268
0.360705
0.36211
0.363485
0.364832
0.36615
0.367441
0.368705
0.369946
0.371163
0.372357
0.373529
0.374681
0.375813
0.376926
0.378019
0.379098
0.380159
0.381203
0.382235
0.38325
0.384252
0.385242
0.386219
0.387184
0.388136
0.389076
0.390001
0.390913
0.00100406
0.00158421
0.00251696
0.00371036
0.00510343
0.00669431
0.00849615
0.0105323
0.0128362
0.0154486
0.0184236
0.0218209
0.0256921
0.0300759
0.035
0.0404709
0.046482
0.0530118
0.0600286
0.0674916
0.0753553
0.0835691
0.0920803
0.100836
0.109785
0.118877
0.128064
0.137305
0.146557
0.155784
0.164954
0.174035
0.183004
0.191838
0.200516
0.209024
0.217348
0.225477
0.233403
0.241119
0.248621
0.255904
0.26297
0.269816
0.276445
0.282858
0.28906
0.295053
0.300843
0.306434
0.311832
0.317041
0.322068
0.326919
0.331599
0.336114
0.34047
0.344675
0.348731
0.352646
0.356425
0.360073
0.363596
0.366999
0.370287
0.373464
0.376535
0.379505
0.382379
0.38516
0.387851
0.390458
0.392983
0.395431
0.397804
0.400106
0.402341
0.40451
0.406616
0.408663
0.410654
0.41259
0.414473
0.416308
0.418093
0.419834
0.421531
0.423185
0.4248
0.426376
0.427917
0.429421
0.430892
0.43233
0.433738
0.435118
0.436468
0.437792
0.439089
0.440361
0.441611
0.442837
0.444042
0.445226
0.446391
0.447537
0.448663
0.449775
0.45087
0.451948
0.453013
0.454062
0.455098
0.456122
0.457132
0.45813
0.459115
0.460087
0.461042
0.461982
0
0
0
0
0
0
0
0
0
0
0
0
0
0
0
0
0
0
0
0
0
0
0
0
0
0
0
0
0
0
0
0
0
0
0
0
0
0
0
0
0
0
0
0
0
0
0
0
0
0
0
0
0
0
0
0
0
0
0
0
0
0
0
0
0
0
0
0
0
0
0
0
0
0
0
0
0
0
0
0
0
0
0
0
0
0
0
0
0
0
0
0
0
0
0
0
0
0
0
0
0
0
0
0
0
0
0
0
0
0
0
0
0
0
0
0
0
0
0
0
0
0
-0.00321346
-0.00648305
-0.0094304
-0.012086
-0.0144963
-0.0166948
-0.0187074
-0.0205553
-0.0222525
-0.0238026
-0.0251988
-0.0264267
-0.0274647
-0.0282866
-0.028865
-0.0291779
-0.0292128
-0.0289805
-0.0285104
-0.0278329
-0.0269751
-0.0259603
-0.0248093
-0.0235427
-0.0221812
-0.0207432
-0.0192453
-0.0177022
-0.0161264
-0.0145256
-0.0129079
-0.011284
-0.0096647
-0.0080598
-0.0064707
-0.00489576
-0.00334094
-0.00180975
-0.000305436
0.00116286
0.00258693
0.00396125
0.00528685
0.00656585
0.0078001
0.0089913
0.010141
0.0112506
0.0123214
0.0133548
0.0143518
0.0153138
0.0162418
0.0171371
0.0180007
0.0188339
0.0196377
0.0204133
0.0211616
0.0218838
0.0225809
0.023254
0.0239039
0.0245316
0.025138
0.025724
0.0262904
0.0268382
0.0273678
0.0278804
0.0283763
0.0288564
0.0293214
0.0297719
0.0302085
0.0306317
0.0310421
0.0314403
0.0318266
0.0322018
0.0325661
0.03292
0.033264
0.0335983
0.0339235
0.0342399
0.0345478
0.0348475
0.0351395
0.0354239
0.0357011
0.0359713
0.0362349
0.036492
0.0367429
0.0369879
0.0372271
0.0374608
0.0376893
0.0379126
0.0381309
0.0383446
0.0385537
0.0387584
0.038959
0.0391555
0.0393483
0.0395372
0.0397227
0.0399049
0.040084
0.0402602
0.040434
0.0406057
0.0407761
0.0409462
0.0411182
0.0412957
0.0414873
0.0417001
0
-0.00599688
-0.0118041
-0.0170517
-0.0217655
-0.0260187
-0.0298778
-0.0333975
-0.0366197
-0.0395702
-0.0422556
-0.0446646
-0.0467697
-0.0485295
-0.0498908
-0.0507975
-0.0512029
-0.0510854
-0.0504697
-0.0494121
-0.0479667
-0.0461829
-0.0441049
-0.0417711
-0.0392207
-0.0364923
-0.0336205
-0.0306363
-0.0275671
-0.0244378
-0.0212656
-0.0180661
-0.0148589
-0.0116595
-0.00847756
-0.0053282
-0.00222696
0.000819645
0.0038088
0.00673901
0.00959981
0.0123782
0.0150697
0.017674
0.0201922
0.0226264
0.0249789
0.0272518
0.0294473
0.0315677
0.0336151
0.0355917
0.0374999
0.0393417
0.0411195
0.0428352
0.0444913
0.0460899
0.047633
0.0491227
0.0505611
0.0519502
0.0532919
0.0545882
0.0558407
0.0570514
0.0582219
0.0593538
0.0604489
0.0615084
0.0625341
0.0635272
0.0644891
0.0654211
0.0663245
0.0672004
0.0680499
0.0688742
0.0696743
0.0704511
0.0712058
0.071939
0.0726518
0.0733448
0.074019
0.074675
0.0753136
0.0759355
0.0765414
0.0771318
0.0777074
0.0782687
0.0788164
0.0793508
0.0798725
0.0803821
0.08088
0.0813666
0.0818424
0.0823077
0.082763
0.0832086
0.083645
0.0840725
0.0844914
0.0849022
0.085305
0.0857004
0.0860884
0.0864697
0.0868444
0.0872131
0.0875761
0.0879342
0.088288
0.0886386
0.0889877
0.0893379
0.0896936
0.0900626
0.0904469
0
-0.00803437
-0.0156777
-0.0225321
-0.0286558
-0.0341546
-0.0391235
-0.0436393
-0.0477593
-0.0515188
-0.0549256
-0.0579631
-0.0605919
-0.0627512
-0.06436
-0.0653294
-0.065583
-0.0651012
-0.0639361
-0.062164
-0.059858
-0.0570856
-0.0539091
-0.050381
-0.0465571
-0.0424914
-0.038231
-0.0338177
-0.0292877
-0.0246716
-0.0200023
-0.0153122
-0.0106243
-0.00595745
-0.00132726
0.00324884
0.00775399
0.0121773
0.0165121
0.0207532
0.0248916
0.0289171
0.0328247
0.0366122
0.04028
0.043829
0.0472616
0.0505801
0.053787
0.0568852
0.0598778
0.0627677
0.0655581
0.0682521
0.0708528
0.0733634
0.0757872
0.0781271
0.0803863
0.0825678
0.0846746
0.0867094
0.0886754
0.0905749
0.0924109
0.0941857
0.095902
0.0975622
0.0991684
0.100723
0.102228
0.103686
0.105098
0.106466
0.107793
0.10908
0.110328
0.11154
0.112716
0.113858
0.114968
0.116047
0.117096
0.118116
0.119109
0.120075
0.121016
0.121933
0.122826
0.123697
0.124546
0.125375
0.126184
0.126973
0.127744
0.128498
0.129234
0.129955
0.130659
0.131348
0.132023
0.132684
0.133332
0.133966
0.134588
0.135199
0.135798
0.136386
0.136964
0.137533
0.138091
0.138641
0.139183
0.139717
0.140244
0.140767
0.141285
0.141802
0.142322
0.142848
0.143381
0
-0.00937357
-0.0181245
-0.0258587
-0.0327072
-0.0388179
-0.0443057
-0.0492581
-0.05374
-0.0577929
-0.0614237
-0.0646092
-0.0672979
-0.069412
-0.0708408
-0.07146
-0.0711811
-0.0700201
-0.0680614
-0.0653909
-0.0620911
-0.0582393
-0.0539067
-0.0491623
-0.0440782
-0.0387157
-0.0331301
-0.0273715
-0.0214838
-0.0155068
-0.00947863
-0.00343543
0.00259378
0.00858504
0.014518
0.0203735
0.0261343
0.031787
0.037322
0.0427314
0.048007
0.053141
0.0581284
0.0629666
0.067655
0.0721943
0.0765865
0.0808338
0.0849395
0.0889068
0.0927391
0.0964404
0.100015
0.103465
0.106797
0.110013
0.113118
0.116116
0.119011
0.121806
0.124505
0.127113
0.129632
0.132066
0.134419
0.136694
0.138894
0.141022
0.143081
0.145074
0.147003
0.148872
0.150683
0.152438
0.154139
0.155789
0.15739
0.158945
0.160454
0.161919
0.163344
0.164728
0.166075
0.167385
0.16866
0.169901
0.17111
0.172288
0.173436
0.174555
0.175647
0.176713
0.177754
0.17877
0.179762
0.180733
0.181682
0.18261
0.183518
0.184407
0.185278
0.186131
0.186967
0.187787
0.188591
0.189381
0.190156
0.190917
0.191665
0.192401
0.193125
0.193838
0.19454
0.195233
0.195917
0.196593
0.197263
0.197928
0.198591
0.199254
0.199915
0
-0.01016
-0.0192613
-0.027064
-0.0338669
-0.03987
-0.0451895
-0.049909
-0.054094
-0.0577907
-0.0610061
-0.0637056
-0.0658217
-0.0672606
-0.067875
-0.0675325
-0.0662196
-0.0640075
-0.0609742
-0.0572012
-0.0527704
-0.0477614
-0.0422505
-0.0363119
-0.030019
-0.0234382
-0.0166299
-0.00964886
-0.00254414
0.00463989
0.0118622
0.0190853
0.0262774
0.0334111
0.0404637
0.0474145
0.0542461
0.0609439
0.067497
0.0738963
0.0801339
0.0862033
0.0921001
0.0978217
0.103367
0.108738
0.113935
0.118962
0.123821
0.128517
0.133052
0.137433
0.141663
0.145747
0.14969
0.153496
0.157171
0.160718
0.164143
0.16745
0.170644
0.173729
0.176709
0.179588
0.182371
0.185062
0.187664
0.19018
0.192615
0.194972
0.197254
0.199464
0.201606
0.203681
0.205693
0.207645
0.209538
0.211377
0.213162
0.214895
0.21658
0.218219
0.219812
0.221362
0.222871
0.224339
0.225771
0.227165
0.228525
0.229851
0.231144
0.232407
0.233641
0.234845
0.236022
0.237173
0.238299
0.239401
0.240479
0.241535
0.24257
0.243584
0.244578
0.245553
0.24651
0.24745
0.248373
0.24928
0.250173
0.25105
0.251914
0.252765
0.253603
0.25443
0.255246
0.256052
0.25685
0.257639
0.258423
0.259199
0.259968
0
-0.0106584
-0.0191196
-0.0259102
-0.0316723
-0.0366259
-0.0408623
-0.044457
-0.0474755
-0.0499692
-0.0519387
-0.0533269
-0.0540375
-0.053935
-0.0529325
-0.051035
-0.0482764
-0.0447035
-0.0403754
-0.0353588
-0.0297245
-0.0235447
-0.0168913
-0.00983477
-0.00244452
0.00521438
0.013082
0.021103
0.0292277
0.0374106
0.0456104
0.05379
0.0619171
0.0699635
0.0779057
0.0857228
0.0933976
0.100915
0.108265
0.115436
0.122423
0.129219
0.135821
0.142226
0.148434
0.154446
0.160264
0.16589
0.171329
0.176585
0.181661
0.186564
0.191297
0.195866
0.200278
0.204535
0.208645
0.212612
0.216442
0.220139
0.223709
0.227157
0.230488
0.233705
0.236815
0.239821
0.242727
0.245538
0.248257
0.250889
0.253438
0.255905
0.258296
0.260613
0.262859
0.265038
0.267151
0.269204
0.271196
0.273131
0.275012
0.276841
0.27862
0.28035
0.282035
0.283675
0.285274
0.286832
0.28835
0.289832
0.291278
0.29269
0.294069
0.295416
0.296732
0.29802
0.299281
0.300514
0.301722
0.302905
0.304065
0.305202
0.306317
0.307412
0.308486
0.309542
0.31058
0.311599
0.312603
0.31359
0.314562
0.315521
0.316465
0.317396
0.318316
0.319224
0.320121
0.321007
0.321884
0.322748
0.323602
0
-0.0106113
-0.0162229
-0.020221
-0.0234084
-0.0258983
-0.0277593
-0.0290588
-0.0298362
-0.0300718
-0.0297159
-0.0287487
-0.027155
-0.0249069
-0.0219771
-0.0183465
-0.0140231
-0.00903098
-0.00340715
0.00280165
0.00954162
0.0167543
0.0243786
0.0323533
0.040617
0.0491108
0.0577794
0.0665709
0.075438
0.0843373
0.0932293
0.102079
0.110854
0.119529
0.12808
0.136486
0.144732
0.152802
0.160687
0.168376
0.175864
0.183145
0.190216
0.197076
0.203723
0.210159
0.216388
0.222411
0.228233
0.233857
0.23929
0.244535
0.249599
0.254486
0.259204
0.263756
0.268149
0.272389
0.276482
0.280432
0.284246
0.287928
0.291485
0.294919
0.298238
0.301446
0.304547
0.307545
0.310445
0.313252
0.315969
0.3186
0.321148
0.323617
0.32601
0.328332
0.330584
0.33277
0.334893
0.336954
0.338958
0.340906
0.342801
0.344644
0.34644
0.348187
0.34989
0.351551
0.353169
0.354749
0.356291
0.357797
0.359268
0.360705
0.36211
0.363485
0.364832
0.36615
0.367441
0.368705
0.369946
0.371163
0.372357
0.373529
0.374681
0.375813
0.376926
0.378019
0.379098
0.380159
0.381203
0.382235
0.38325
0.384252
0.385242
0.386219
0.387184
0.388136
0.389076
0.390001
0.390913
0.00100406
0.00158421
0.00251696
0.00371036
0.00510343
0.00669431
0.00849615
0.0105323
0.0128362
0.0154486
0.0184236
0.0218209
0.0256921
0.0300759
0.035
0.0404709
0.046482
0.0530118
0.0600286
0.0674916
0.0753553
0.0835691
0.0920803
0.100836
0.109785
0.118877
0.128064
0.137305
0.146557
0.155784
0.164954
0.174035
0.183004
0.191838
0.200516
0.209024
0.217348
0.225477
0.233403
0.241119
0.248621
0.255904
0.26297
0.269816
0.276445
0.282858
0.28906
0.295053
0.300843
0.306434
0.311832
0.317041
0.322068
0.326919
0.331599
0.336114
0.34047
0.344675
0.348731
0.352646
0.356425
0.360073
0.363596
0.366999
0.370287
0.373464
0.376535
0.379505
0.382379
0.38516
0.387851
0.390458
0.392983
0.395431
0.397804
0.400106
0.402341
0.40451
0.406616
0.408663
0.410654
0.41259
0.414473
0.416308
0.418093
0.419834
0.421531
0.423185
0.4248
0.426376
0.427917
0.429421
0.430892
0.43233
0.433738
0.435118
0.436468
0.437792
0.439089
0.440361
0.441611
0.442837
0.444042
0.445226
0.446391
0.447537
0.448663
0.449775
0.45087
0.451948
0.453013
0.454062
0.455098
0.456122
0.457132
0.45813
0.459115
0.460087
0.461042
0.461982
0.0789561
0.0793557
0.0799205
0.0807149
0.0817559
0.0830623
0.0846631
0.0865908
0.0888792
0.0915626
0.0946771
0.0982594
0.102341
0.106943
0.112076
0.117738
0.123915
0.130582
0.137707
0.145249
0.153165
0.161408
0.169927
0.178673
0.187599
0.196658
0.205804
0.214998
0.224199
0.233374
0.24249
0.251518
0.260435
0.269217
0.277846
0.286307
0.294585
0.30267
0.310554
0.31823
0.325692
0.332938
0.339968
0.346779
0.353373
0.359753
0.365921
0.371881
0.377638
0.383195
0.388559
0.393734
0.398726
0.403541
0.408185
0.412663
0.416982
0.421148
0.425165
0.429041
0.43278
0.436388
0.43987
0.443232
0.446478
0.449614
0.452644
0.455571
0.458403
0.461143
0.463793
0.466358
0.468842
0.471249
0.473583
0.475845
0.47804
0.48017
0.482239
0.484249
0.486202
0.488103
0.489951
0.491751
0.493503
0.495211
0.496877
0.4985
0.500086
0.501633
0.503146
0.504624
0.506069
0.507483
0.508867
0.510224
0.511553
0.512856
0.514134
0.515388
0.51662
0.517831
0.51902
0.52019
0.521342
0.522475
0.523591
0.524693
0.525779
0.526849
0.527907
0.52895
0.529981
0.531
0.532007
0.533002
0.533983
0.534953
0.535906
0.536844
0.17602
0.176532
0.177169
0.177983
0.179014
0.180289
0.181843
0.183708
0.18592
0.188513
0.19152
0.194972
0.198897
0.203311
0.208224
0.213633
0.219526
0.225883
0.232674
0.239863
0.247411
0.255276
0.26341
0.271769
0.280309
0.288984
0.297753
0.306576
0.315415
0.324237
0.333011
0.341709
0.350306
0.35878
0.367111
0.375284
0.383286
0.391104
0.39873
0.406157
0.413379
0.420392
0.427196
0.433788
0.44017
0.446343
0.45231
0.458073
0.463638
0.469006
0.474186
0.479179
0.483993
0.488633
0.493105
0.497413
0.501565
0.505567
0.509422
0.513139
0.51672
0.520173
0.523502
0.526713
0.529812
0.532801
0.535687
0.538473
0.541166
0.543769
0.546284
0.548717
0.551071
0.553351
0.555559
0.557698
0.559773
0.561785
0.563738
0.565634
0.567477
0.569269
0.571011
0.572707
0.574357
0.575966
0.577534
0.579063
0.580557
0.582014
0.583439
0.584831
0.586193
0.587525
0.588831
0.590111
0.591365
0.592596
0.593803
0.594988
0.596154
0.5973
0.598427
0.599536
0.600629
0.601706
0.602766
0.603815
0.604849
0.605869
0.606879
0.607876
0.608862
0.609837
0.610802
0.611757
0.612699
0.613632
0.61455
0.615455
0.282589
0.283197
0.283944
0.284866
0.285997
0.287364
0.288997
0.290925
0.293178
0.295786
0.298775
0.302171
0.305996
0.310262
0.31498
0.320144
0.325746
0.331769
0.338188
0.344973
0.352089
0.359501
0.367166
0.375044
0.383097
0.391283
0.399564
0.407903
0.416265
0.424618
0.432933
0.441184
0.449345
0.457396
0.465316
0.473092
0.480708
0.488153
0.495418
0.502495
0.509378
0.516061
0.522546
0.528827
0.534907
0.540784
0.546463
0.551945
0.557234
0.562332
0.567246
0.571979
0.576536
0.580924
0.585147
0.58921
0.59312
0.596883
0.600502
0.603985
0.607337
0.610563
0.613667
0.616657
0.619537
0.62231
0.624983
0.627559
0.630044
0.632443
0.634757
0.636991
0.639151
0.641238
0.643256
0.645209
0.647101
0.648933
0.650709
0.652432
0.654104
0.655729
0.657306
0.658841
0.660333
0.661787
0.663204
0.664584
0.665932
0.667246
0.668532
0.669787
0.671015
0.672217
0.673394
0.674549
0.675681
0.676792
0.677882
0.678954
0.680008
0.681045
0.682066
0.683071
0.684063
0.685041
0.686005
0.686959
0.687902
0.688833
0.689756
0.690667
0.691571
0.692466
0.693352
0.694231
0.6951
0.695962
0.696813
0.697654
0.395456
0.396151
0.396989
0.397996
0.399203
0.400634
0.402317
0.404278
0.406542
0.409136
0.41208
0.415397
0.419104
0.423209
0.427721
0.432633
0.437941
0.443627
0.449672
0.456048
0.462727
0.469677
0.476861
0.484245
0.491792
0.499468
0.507235
0.515063
0.522916
0.530768
0.53859
0.546357
0.554046
0.561637
0.56911
0.576452
0.583646
0.590683
0.597552
0.604246
0.610758
0.617082
0.623219
0.629162
0.634914
0.640473
0.645842
0.651021
0.656015
0.660825
0.665457
0.669913
0.674199
0.67832
0.68228
0.686084
0.689738
0.693249
0.696618
0.699855
0.702962
0.705946
0.70881
0.711562
0.714206
0.716745
0.719187
0.721533
0.72379
0.725963
0.728052
0.730065
0.732004
0.733874
0.735676
0.737416
0.739097
0.74072
0.742289
0.743809
0.74528
0.746706
0.748087
0.749428
0.75073
0.751996
0.753227
0.754425
0.755593
0.756731
0.757842
0.758927
0.759986
0.761023
0.762038
0.763033
0.764008
0.764965
0.765904
0.766827
0.767735
0.768629
0.769509
0.770377
0.771234
0.772079
0.772913
0.77374
0.774559
0.775367
0.77617
0.776964
0.777753
0.778535
0.779312
0.780085
0.78085
0.781612
0.782366
0.783115
0.512836
0.513574
0.514453
0.515495
0.516727
0.518172
0.519852
0.521792
0.524015
0.52654
0.529387
0.532573
0.536111
0.540008
0.544271
0.548893
0.55387
0.559188
0.564829
0.570769
0.576985
0.583449
0.590129
0.596993
0.60401
0.611149
0.618377
0.625666
0.632984
0.640305
0.647604
0.654858
0.662044
0.669145
0.676139
0.683016
0.68976
0.696359
0.702805
0.709089
0.715205
0.721146
0.726913
0.732499
0.737905
0.74313
0.748175
0.753041
0.757731
0.762247
0.766592
0.77077
0.774784
0.778641
0.782342
0.785893
0.7893
0.792567
0.795698
0.7987
0.801577
0.804333
0.806972
0.809503
0.811927
0.814249
0.816475
0.818608
0.820653
0.822616
0.824496
0.826301
0.828035
0.829699
0.831298
0.832835
0.834315
0.835738
0.837108
0.83843
0.839704
0.840935
0.842122
0.84327
0.844381
0.845457
0.8465
0.847512
0.848495
0.849449
0.850379
0.851283
0.852165
0.853025
0.853866
0.854688
0.855494
0.856282
0.857054
0.857813
0.858559
0.859293
0.860015
0.860727
0.86143
0.862123
0.862808
0.863487
0.86416
0.864825
0.865487
0.866143
0.866795
0.867443
0.868089
0.868733
0.869372
0.870012
0.870649
0.871285
0.633349
0.63408
0.634947
0.635972
0.637175
0.638577
0.640199
0.642061
0.644184
0.646584
0.649276
0.652276
0.655593
0.659234
0.663202
0.667493
0.672102
0.677018
0.682224
0.687701
0.693427
0.69938
0.70553
0.711851
0.718314
0.724893
0.731556
0.73828
0.745035
0.751798
0.758545
0.765256
0.771909
0.778488
0.784973
0.791354
0.797614
0.803744
0.809736
0.815579
0.821269
0.826798
0.832166
0.837368
0.842402
0.847268
0.851968
0.856499
0.860866
0.865069
0.869112
0.872997
0.876729
0.880311
0.883746
0.887038
0.890194
0.893218
0.896111
0.898881
0.901531
0.904066
0.906489
0.908807
0.911024
0.913142
0.915167
0.917103
0.918954
0.920724
0.922416
0.924034
0.925582
0.927063
0.92848
0.929838
0.931139
0.932385
0.933578
0.934725
0.935825
0.936883
0.937897
0.938874
0.939814
0.94072
0.941594
0.942436
0.943251
0.944038
0.944801
0.945539
0.946256
0.946952
0.947628
0.948288
0.948931
0.949559
0.95017
0.950769
0.951357
0.951934
0.952499
0.953056
0.953605
0.954145
0.954678
0.955207
0.955731
0.956248
0.956763
0.957273
0.957782
0.958289
0.958794
0.959301
0.959804
0.960313
0.960821
0.961334
0.75572
0.756401
0.757212
0.758174
0.759304
0.760619
0.762138
0.763878
0.765857
0.768088
0.770584
0.773358
0.776417
0.779767
0.78341
0.787341
0.791557
0.796048
0.800798
0.805793
0.811013
0.816438
0.822042
0.827802
0.833695
0.839694
0.845774
0.851913
0.858083
0.864265
0.870436
0.876579
0.882672
0.888701
0.894647
0.900501
0.906248
0.911877
0.917382
0.922754
0.927985
0.93307
0.938009
0.942794
0.947427
0.951904
0.956228
0.960396
0.964413
0.968277
0.971994
0.975563
0.978989
0.982276
0.985425
0.988442
0.99133
0.994095
0.996737
0.999263
1.00168
1.00398
1.00618
1.00828
1.01029
1.0122
1.01402
1.01576
1.01742
1.019
1.02051
1.02195
1.02332
1.02463
1.02587
1.02706
1.0282
1.02928
1.03031
1.0313
1.03224
1.03314
1.034
1.03483
1.03561
1.03637
1.03709
1.03779
1.03845
1.03909
1.03971
1.0403
1.04087
1.04142
1.04195
1.04246
1.04296
1.04345
1.04391
1.04437
1.04481
1.04525
1.04567
1.04609
1.04649
1.04689
1.04729
1.04767
1.04806
1.04844
1.04881
1.04918
1.04956
1.04993
1.0503
1.05067
1.05104
1.05142
1.0518
1.05219
0.878882
0.879487
0.880217
0.881089
0.882118
0.883318
0.884705
0.886295
0.888101
0.890135
0.892408
0.894929
0.897705
0.900741
0.904037
0.907589
0.911394
0.915444
0.919724
0.924222
0.928921
0.933805
0.938849
0.944035
0.94934
0.954744
0.960222
0.965755
0.97132
0.976897
0.982467
0.988014
0.993519
0.998968
1.00434
1.00964
1.01484
1.01994
1.02492
1.02978
1.03452
1.03913
1.0436
1.04794
1.05213
1.05619
1.0601
1.06387
1.06751
1.071
1.07436
1.07758
1.08068
1.08364
1.08648
1.08919
1.09179
1.09427
1.09664
1.0989
1.10106
1.10312
1.10508
1.10694
1.10872
1.11042
1.11203
1.11356
1.11502
1.11641
1.11772
1.11897
1.12016
1.12129
1.12237
1.12339
1.12436
1.12528
1.12615
1.12698
1.12777
1.12852
1.12923
1.12991
1.13055
1.13116
1.13175
1.1323
1.13283
1.13333
1.13381
1.13427
1.13471
1.13513
1.13553
1.13591
1.13628
1.13664
1.13698
1.13731
1.13762
1.13793
1.13823
1.13852
1.1388
1.13907
1.13934
1.1396
1.13986
1.14011
1.14036
1.14061
1.14086
1.1411
1.14135
1.1416
1.14185
1.14211
1.14238
1.14265
1.00198
1.0025
1.00313
1.00389
1.0048
1.00586
1.0071
1.00851
1.01012
1.01193
1.01396
1.0162
1.01867
1.02137
1.0243
1.02745
1.03082
1.03441
1.0382
1.04219
1.04635
1.05067
1.05513
1.05972
1.06441
1.0692
1.07405
1.07895
1.08388
1.08882
1.09376
1.09868
1.10356
1.10839
1.11316
1.11786
1.12248
1.127
1.13142
1.13574
1.13995
1.14403
1.148
1.15185
1.15557
1.15916
1.16263
1.16597
1.16918
1.17227
1.17524
1.17808
1.18081
1.18342
1.18591
1.1883
1.19057
1.19275
1.19482
1.19679
1.19867
1.20046
1.20216
1.20377
1.20531
1.20677
1.20815
1.20946
1.2107
1.21188
1.21299
1.21405
1.21505
1.21599
1.21688
1.21773
1.21853
1.21928
1.21999
1.22066
1.22129
1.22189
1.22245
1.22299
1.22349
1.22396
1.2244
1.22482
1.22522
1.22559
1.22594
1.22628
1.22659
1.22688
1.22716
1.22743
1.22768
1.22791
1.22814
1.22835
1.22855
1.22874
1.22893
1.2291
1.22927
1.22943
1.22959
1.22974
1.22989
1.23003
1.23018
1.23031
1.23045
1.23059
1.23073
1.23088
1.23102
1.23117
1.23133
1.2315
1.12399
1.1244
1.12492
1.12556
1.12633
1.12724
1.1283
1.12952
1.13091
1.13248
1.13423
1.13617
1.13831
1.14064
1.14317
1.1459
1.14882
1.15192
1.15519
1.15863
1.16222
1.16595
1.16981
1.17377
1.17783
1.18196
1.18615
1.19038
1.19464
1.19891
1.20318
1.20743
1.21165
1.21583
1.21996
1.22402
1.22801
1.23192
1.23575
1.23948
1.24311
1.24664
1.25006
1.25338
1.25659
1.25968
1.26267
1.26554
1.2683
1.27095
1.2735
1.27593
1.27826
1.28049
1.28261
1.28464
1.28657
1.28841
1.29016
1.29183
1.29341
1.29491
1.29633
1.29767
1.29894
1.30015
1.30129
1.30236
1.30338
1.30434
1.30524
1.30609
1.30688
1.30764
1.30834
1.309
1.30962
1.3102
1.31075
1.31126
1.31173
1.31218
1.31259
1.31298
1.31333
1.31367
1.31398
1.31426
1.31453
1.31478
1.31501
1.31522
1.31541
1.31559
1.31575
1.3159
1.31604
1.31617
1.31629
1.31639
1.31649
1.31658
1.31666
1.31674
1.31681
1.31687
1.31693
1.31699
1.31704
1.31709
1.31714
1.31718
1.31723
1.31728
1.31733
1.31738
1.31744
1.3175
1.31757
1.31765
1.24335
1.24367
1.24409
1.24461
1.24523
1.24598
1.24685
1.24786
1.24902
1.25032
1.25178
1.2534
1.25518
1.25713
1.25925
1.26152
1.26396
1.26654
1.26928
1.27215
1.27515
1.27826
1.28148
1.28479
1.28818
1.29163
1.29513
1.29867
1.30223
1.3058
1.30937
1.31292
1.31645
1.31994
1.32339
1.32678
1.33012
1.33338
1.33657
1.33968
1.34271
1.34565
1.3485
1.35126
1.35393
1.3565
1.35897
1.36135
1.36363
1.36582
1.36791
1.36992
1.37183
1.37365
1.37539
1.37705
1.37862
1.38011
1.38152
1.38286
1.38413
1.38532
1.38645
1.38752
1.38852
1.38947
1.39036
1.39119
1.39197
1.39271
1.39339
1.39403
1.39463
1.39518
1.3957
1.39618
1.39662
1.39703
1.39741
1.39776
1.39808
1.39838
1.39865
1.39889
1.39912
1.39932
1.3995
1.39966
1.39981
1.39994
1.40005
1.40015
1.40024
1.40031
1.40037
1.40042
1.40046
1.40049
1.40052
1.40053
1.40054
1.40054
1.40054
1.40053
1.40051
1.40049
1.40047
1.40045
1.40042
1.4004
1.40037
1.40034
1.40031
1.40029
1.40026
1.40025
1.40023
1.40022
1.40023
1.40024
1.35856
1.35878
1.35907
1.35945
1.35992
1.36049
1.36116
1.36195
1.36285
1.36388
1.36503
1.36631
1.36772
1.36926
1.37094
1.37275
1.37468
1.37674
1.37892
1.3812
1.38359
1.38607
1.38864
1.39128
1.39398
1.39673
1.39952
1.40234
1.40518
1.40803
1.41088
1.41371
1.41652
1.41931
1.42206
1.42476
1.42741
1.43001
1.43255
1.43502
1.43742
1.43976
1.44201
1.4442
1.4463
1.44833
1.45028
1.45215
1.45394
1.45565
1.45728
1.45884
1.46033
1.46174
1.46308
1.46435
1.46555
1.46669
1.46776
1.46877
1.46973
1.47062
1.47146
1.47225
1.47298
1.47367
1.47431
1.47491
1.47546
1.47598
1.47645
1.47689
1.47729
1.47766
1.478
1.47831
1.47858
1.47884
1.47906
1.47927
1.47945
1.47961
1.47975
1.47987
1.47997
1.48005
1.48012
1.48018
1.48022
1.48025
1.48027
1.48027
1.48027
1.48026
1.48023
1.4802
1.48016
1.48012
1.48007
1.48001
1.47995
1.47988
1.47981
1.47974
1.47966
1.47959
1.47951
1.47943
1.47934
1.47926
1.47918
1.4791
1.47903
1.47895
1.47888
1.47881
1.47875
1.4787
1.47865
1.47862
1.46823
1.46831
1.46845
1.46867
1.46895
1.46932
1.46977
1.4703
1.47093
1.47165
1.47247
1.47338
1.4744
1.47552
1.47674
1.47806
1.47948
1.48099
1.48259
1.48428
1.48604
1.48787
1.48977
1.49173
1.49373
1.49577
1.49784
1.49993
1.50204
1.50415
1.50626
1.50837
1.51045
1.51252
1.51455
1.51656
1.51852
1.52044
1.52231
1.52414
1.52591
1.52762
1.52928
1.53088
1.53242
1.5339
1.53532
1.53667
1.53797
1.5392
1.54038
1.5415
1.54256
1.54356
1.54451
1.5454
1.54624
1.54703
1.54777
1.54846
1.54911
1.54972
1.55028
1.5508
1.55128
1.55173
1.55214
1.55251
1.55286
1.55317
1.55345
1.55371
1.55394
1.55414
1.55433
1.55448
1.55462
1.55474
1.55484
1.55492
1.55499
1.55504
1.55507
1.55509
1.5551
1.5551
1.55508
1.55506
1.55502
1.55498
1.55492
1.55486
1.5548
1.55472
1.55465
1.55456
1.55447
1.55438
1.55429
1.55419
1.55409
1.55399
1.55388
1.55378
1.55367
1.55356
1.55346
1.55335
1.55324
1.55314
1.55303
1.55293
1.55283
1.55273
1.55264
1.55255
1.55247
1.55239
1.55232
1.55226
1.57039
1.57031
1.57028
1.5703
1.57039
1.57053
1.57074
1.57101
1.57134
1.57175
1.57222
1.57276
1.57338
1.57407
1.57482
1.57565
1.57655
1.57751
1.57853
1.57961
1.58075
1.58193
1.58316
1.58443
1.58573
1.58706
1.5884
1.58977
1.59114
1.59252
1.5939
1.59527
1.59662
1.59797
1.59929
1.60059
1.60187
1.60311
1.60432
1.6055
1.60664
1.60775
1.60881
1.60983
1.61081
1.61175
1.61265
1.61351
1.61432
1.61509
1.61582
1.61651
1.61717
1.61778
1.61835
1.61889
1.61939
1.61986
1.6203
1.6207
1.62107
1.62141
1.62173
1.62201
1.62228
1.62251
1.62272
1.62291
1.62308
1.62323
1.62336
1.62347
1.62357
1.62364
1.62371
1.62376
1.62379
1.62381
1.62382
1.62382
1.62381
1.62379
1.62376
1.62372
1.62367
1.62361
1.62355
1.62348
1.62341
1.62333
1.62325
1.62317
1.62308
1.62298
1.62289
1.62279
1.62269
1.62259
1.62249
1.62239
1.62229
1.62218
1.62208
1.62198
1.62187
1.62177
1.62167
1.62157
1.62147
1.62137
1.62127
1.62118
1.62109
1.621
1.62091
1.62083
1.62076
1.62068
1.62062
1.62056
1.66157
1.66137
1.66121
1.66109
1.66103
1.661
1.66101
1.66107
1.66116
1.66128
1.66145
1.66166
1.66191
1.66219
1.66252
1.66288
1.66328
1.66371
1.66417
1.66467
1.66519
1.66575
1.66632
1.66692
1.66753
1.66815
1.66879
1.66944
1.67009
1.67074
1.6714
1.67205
1.67269
1.67333
1.67396
1.67458
1.67518
1.67577
1.67634
1.67689
1.67743
1.67794
1.67844
1.67892
1.67937
1.6798
1.68022
1.68061
1.68098
1.68133
1.68165
1.68196
1.68225
1.68252
1.68277
1.683
1.68321
1.68341
1.68359
1.68375
1.6839
1.68404
1.68415
1.68426
1.68435
1.68444
1.68451
1.68457
1.68462
1.68465
1.68469
1.68471
1.68472
1.68473
1.68472
1.68471
1.6847
1.68467
1.68465
1.68461
1.68457
1.68453
1.68448
1.68443
1.68438
1.68432
1.68426
1.6842
1.68414
1.68408
1.68401
1.68394
1.68388
1.68381
1.68374
1.68367
1.6836
1.68353
1.68346
1.68339
1.68333
1.68326
1.68319
1.68312
1.68306
1.68299
1.68293
1.68287
1.6828
1.68274
1.68268
1.68263
1.68257
1.68252
1.68246
1.68241
1.68237
1.68232
1.68228
1.68224
1.73313
1.73313
1.73313
1.73313
1.73313
1.73313
1.73313
1.73313
1.73313
1.73313
1.73313
1.73313
1.73313
1.73313
1.73313
1.73313
1.73313
1.73313
1.73313
1.73313
1.73313
1.73313
1.73313
1.73313
1.73313
1.73313
1.73313
1.73313
1.73313
1.73313
1.73313
1.73313
1.73313
1.73313
1.73313
1.73313
1.73313
1.73313
1.73313
1.73313
1.73313
1.73313
1.73313
1.73313
1.73313
1.73313
1.73313
1.73313
1.73313
1.73313
1.73313
1.73313
1.73313
1.73313
1.73313
1.73313
1.73313
1.73313
1.73313
1.73313
1.73313
1.73313
1.73313
1.73313
1.73313
1.73313
1.73313
1.73313
1.73313
1.73313
1.73313
1.73313
1.73313
1.73313
1.73313
1.73313
1.73313
1.73313
1.73313
1.73313
1.73313
1.73313
1.73313
1.73313
1.73313
1.73313
1.73313
1.73313
1.73313
1.73313
1.73313
1.73313
1.73313
1.73313
1.73313
1.73313
1.73313
1.73313
1.73313
1.73313
1.73313
1.73313
1.73313
1.73313
1.73313
1.73313
1.73313
1.73313
1.73313
1.73313
1.73313
1.73313
1.73313
1.73313
1.73313
1.73313
1.73313
1.73313
1.73313
1.73313
0.0789561
0.0793557
0.0799205
0.0807149
0.0817559
0.0830623
0.0846631
0.0865908
0.0888792
0.0915626
0.0946771
0.0982594
0.102341
0.106943
0.112076
0.117738
0.123915
0.130582
0.137707
0.145249
0.153165
0.161408
0.169927
0.178673
0.187599
0.196658
0.205804
0.214998
0.224199
0.233374
0.24249
0.251518
0.260435
0.269217
0.277846
0.286307
0.294585
0.30267
0.310554
0.31823
0.325692
0.332938
0.339968
0.346779
0.353373
0.359753
0.365921
0.371881
0.377638
0.383195
0.388559
0.393734
0.398726
0.403541
0.408185
0.412663
0.416982
0.421148
0.425165
0.429041
0.43278
0.436388
0.43987
0.443232
0.446478
0.449614
0.452644
0.455571
0.458403
0.461143
0.463793
0.466358
0.468842
0.471249
0.473583
0.475845
0.47804
0.48017
0.482239
0.484249
0.486202
0.488103
0.489951
0.491751
0.493503
0.495211
0.496877
0.4985
0.500086
0.501633
0.503146
0.504624
0.506069
0.507483
0.508867
0.510224
0.511553
0.512856
0.514134
0.515388
0.51662
0.517831
0.51902
0.52019
0.521342
0.522475
0.523591
0.524693
0.525779
0.526849
0.527907
0.52895
0.529981
0.531
0.532007
0.533002
0.533983
0.534953
0.535906
0.536844
0.17602
0.176532
0.177169
0.177983
0.179014
0.180289
0.181843
0.183708
0.18592
0.188513
0.19152
0.194972
0.198897
0.203311
0.208224
0.213633
0.219526
0.225883
0.232674
0.239863
0.247411
0.255276
0.26341
0.271769
0.280309
0.288984
0.297753
0.306576
0.315415
0.324237
0.333011
0.341709
0.350306
0.35878
0.367111
0.375284
0.383286
0.391104
0.39873
0.406157
0.413379
0.420392
0.427196
0.433788
0.44017
0.446343
0.45231
0.458073
0.463638
0.469006
0.474186
0.479179
0.483993
0.488633
0.493105
0.497413
0.501565
0.505567
0.509422
0.513139
0.51672
0.520173
0.523502
0.526713
0.529812
0.532801
0.535687
0.538473
0.541166
0.543769
0.546284
0.548717
0.551071
0.553351
0.555559
0.557698
0.559773
0.561785
0.563738
0.565634
0.567477
0.569269
0.571011
0.572707
0.574357
0.575966
0.577534
0.579063
0.580557
0.582014
0.583439
0.584831
0.586193
0.587525
0.588831
0.590111
0.591365
0.592596
0.593803
0.594988
0.596154
0.5973
0.598427
0.599536
0.600629
0.601706
0.602766
0.603815
0.604849
0.605869
0.606879
0.607876
0.608862
0.609837
0.610802
0.611757
0.612699
0.613632
0.61455
0.615455
0.282589
0.283197
0.283944
0.284866
0.285997
0.287364
0.288997
0.290925
0.293178
0.295786
0.298775
0.302171
0.305996
0.310262
0.31498
0.320144
0.325746
0.331769
0.338188
0.344973
0.352089
0.359501
0.367166
0.375044
0.383097
0.391283
0.399564
0.407903
0.416265
0.424618
0.432933
0.441184
0.449345
0.457396
0.465316
0.473092
0.480708
0.488153
0.495418
0.502495
0.509378
0.516061
0.522546
0.528827
0.534907
0.540784
0.546463
0.551945
0.557234
0.562332
0.567246
0.571979
0.576536
0.580924
0.585147
0.58921
0.59312
0.596883
0.600502
0.603985
0.607337
0.610563
0.613667
0.616657
0.619537
0.62231
0.624983
0.627559
0.630044
0.632443
0.634757
0.636991
0.639151
0.641238
0.643256
0.645209
0.647101
0.648933
0.650709
0.652432
0.654104
0.655729
0.657306
0.658841
0.660333
0.661787
0.663204
0.664584
0.665932
0.667246
0.668532
0.669787
0.671015
0.672217
0.673394
0.674549
0.675681
0.676792
0.677882
0.678954
0.680008
0.681045
0.682066
0.683071
0.684063
0.685041
0.686005
0.686959
0.687902
0.688833
0.689756
0.690667
0.691571
0.692466
0.693352
0.694231
0.6951
0.695962
0.696813
0.697654
0.395456
0.396151
0.396989
0.397996
0.399203
0.400634
0.402317
0.404278
0.406542
0.409136
0.41208
0.415397
0.419104
0.423209
0.427721
0.432633
0.437941
0.443627
0.449672
0.456048
0.462727
0.469677
0.476861
0.484245
0.491792
0.499468
0.507235
0.515063
0.522916
0.530768
0.53859
0.546357
0.554046
0.561637
0.56911
0.576452
0.583646
0.590683
0.597552
0.604246
0.610758
0.617082
0.623219
0.629162
0.634914
0.640473
0.645842
0.651021
0.656015
0.660825
0.665457
0.669913
0.674199
0.67832
0.68228
0.686084
0.689738
0.693249
0.696618
0.699855
0.702962
0.705946
0.70881
0.711562
0.714206
0.716745
0.719187
0.721533
0.72379
0.725963
0.728052
0.730065
0.732004
0.733874
0.735676
0.737416
0.739097
0.74072
0.742289
0.743809
0.74528
0.746706
0.748087
0.749428
0.75073
0.751996
0.753227
0.754425
0.755593
0.756731
0.757842
0.758927
0.759986
0.761023
0.762038
0.763033
0.764008
0.764965
0.765904
0.766827
0.767735
0.768629
0.769509
0.770377
0.771234
0.772079
0.772913
0.77374
0.774559
0.775367
0.77617
0.776964
0.777753
0.778535
0.779312
0.780085
0.78085
0.781612
0.782366
0.783115
0.512836
0.513574
0.514453
0.515495
0.516727
0.518172
0.519852
0.521792
0.524015
0.52654
0.529387
0.532573
0.536111
0.540008
0.544271
0.548893
0.55387
0.559188
0.564829
0.570769
0.576985
0.583449
0.590129
0.596993
0.60401
0.611149
0.618377
0.625666
0.632984
0.640305
0.647604
0.654858
0.662044
0.669145
0.676139
0.683016
0.68976
0.696359
0.702805
0.709089
0.715205
0.721146
0.726913
0.732499
0.737905
0.74313
0.748175
0.753041
0.757731
0.762247
0.766592
0.77077
0.774784
0.778641
0.782342
0.785893
0.7893
0.792567
0.795698
0.7987
0.801577
0.804333
0.806972
0.809503
0.811927
0.814249
0.816475
0.818608
0.820653
0.822616
0.824496
0.826301
0.828035
0.829699
0.831298
0.832835
0.834315
0.835738
0.837108
0.83843
0.839704
0.840935
0.842122
0.84327
0.844381
0.845457
0.8465
0.847512
0.848495
0.849449
0.850379
0.851283
0.852165
0.853025
0.853866
0.854688
0.855494
0.856282
0.857054
0.857813
0.858559
0.859293
0.860015
0.860727
0.86143
0.862123
0.862808
0.863487
0.86416
0.864825
0.865487
0.866143
0.866795
0.867443
0.868089
0.868733
0.869372
0.870012
0.870649
0.871285
0.633349
0.63408
0.634947
0.635972
0.637175
0.638577
0.640199
0.642061
0.644184
0.646584
0.649276
0.652276
0.655593
0.659234
0.663202
0.667493
0.672102
0.677018
0.682224
0.687701
0.693427
0.69938
0.70553
0.711851
0.718314
0.724893
0.731556
0.73828
0.745035
0.751798
0.758545
0.765256
0.771909
0.778488
0.784973
0.791354
0.797614
0.803744
0.809736
0.815579
0.821269
0.826798
0.832166
0.837368
0.842402
0.847268
0.851968
0.856499
0.860866
0.865069
0.869112
0.872997
0.876729
0.880311
0.883746
0.887038
0.890194
0.893218
0.896111
0.898881
0.901531
0.904066
0.906489
0.908807
0.911024
0.913142
0.915167
0.917103
0.918954
0.920724
0.922416
0.924034
0.925582
0.927063
0.92848
0.929838
0.931139
0.932385
0.933578
0.934725
0.935825
0.936883
0.937897
0.938874
0.939814
0.94072
0.941594
0.942436
0.943251
0.944038
0.944801
0.945539
0.946256
0.946952
0.947628
0.948288
0.948931
0.949559
0.95017
0.950769
0.951357
0.951934
0.952499
0.953056
0.953605
0.954145
0.954678
0.955207
0.955731
0.956248
0.956763
0.957273
0.957782
0.958289
0.958794
0.959301
0.959804
0.960313
0.960821
0.961334
0.75572
0.756401
0.757212
0.758174
0.759304
0.760619
0.762138
0.763878
0.765857
0.768088
0.770584
0.773358
0.776417
0.779767
0.78341
0.787341
0.791557
0.796048
0.800798
0.805793
0.811013
0.816438
0.822042
0.827802
0.833695
0.839694
0.845774
0.851913
0.858083
0.864265
0.870436
0.876579
0.882672
0.888701
0.894647
0.900501
0.906248
0.911877
0.917382
0.922754
0.927985
0.93307
0.938009
0.942794
0.947427
0.951904
0.956228
0.960396
0.964413
0.968277
0.971994
0.975563
0.978989
0.982276
0.985425
0.988442
0.99133
0.994095
0.996737
0.999263
1.00168
1.00398
1.00618
1.00828
1.01029
1.0122
1.01402
1.01576
1.01742
1.019
1.02051
1.02195
1.02332
1.02463
1.02587
1.02706
1.0282
1.02928
1.03031
1.0313
1.03224
1.03314
1.034
1.03483
1.03561
1.03637
1.03709
1.03779
1.03845
1.03909
1.03971
1.0403
1.04087
1.04142
1.04195
1.04246
1.04296
1.04345
1.04391
1.04437
1.04481
1.04525
1.04567
1.04609
1.04649
1.04689
1.04729
1.04767
1.04806
1.04844
1.04881
1.04918
1.04956
1.04993
1.0503
1.05067
1.05104
1.05142
1.0518
1.05219
0.878882
0.879487
0.880217
0.881089
0.882118
0.883318
0.884705
0.886295
0.888101
0.890135
0.892408
0.894929
0.897705
0.900741
0.904037
0.907589
0.911394
0.915444
0.919724
0.924222
0.928921
0.933805
0.938849
0.944035
0.94934
0.954744
0.960222
0.965755
0.97132
0.976897
0.982467
0.988014
0.993519
0.998968
1.00434
1.00964
1.01484
1.01994
1.02492
1.02978
1.03452
1.03913
1.0436
1.04794
1.05213
1.05619
1.0601
1.06387
1.06751
1.071
1.07436
1.07758
1.08068
1.08364
1.08648
1.08919
1.09179
1.09427
1.09664
1.0989
1.10106
1.10312
1.10508
1.10694
1.10872
1.11042
1.11203
1.11356
1.11502
1.11641
1.11772
1.11897
1.12016
1.12129
1.12237
1.12339
1.12436
1.12528
1.12615
1.12698
1.12777
1.12852
1.12923
1.12991
1.13055
1.13116
1.13175
1.1323
1.13283
1.13333
1.13381
1.13427
1.13471
1.13513
1.13553
1.13591
1.13628
1.13664
1.13698
1.13731
1.13762
1.13793
1.13823
1.13852
1.1388
1.13907
1.13934
1.1396
1.13986
1.14011
1.14036
1.14061
1.14086
1.1411
1.14135
1.1416
1.14185
1.14211
1.14238
1.14265
1.00198
1.0025
1.00313
1.00389
1.0048
1.00586
1.0071
1.00851
1.01012
1.01193
1.01396
1.0162
1.01867
1.02137
1.0243
1.02745
1.03082
1.03441
1.0382
1.04219
1.04635
1.05067
1.05513
1.05972
1.06441
1.0692
1.07405
1.07895
1.08388
1.08882
1.09376
1.09868
1.10356
1.10839
1.11316
1.11786
1.12248
1.127
1.13142
1.13574
1.13995
1.14403
1.148
1.15185
1.15557
1.15916
1.16263
1.16597
1.16918
1.17227
1.17524
1.17808
1.18081
1.18342
1.18591
1.1883
1.19057
1.19275
1.19482
1.19679
1.19867
1.20046
1.20216
1.20377
1.20531
1.20677
1.20815
1.20946
1.2107
1.21188
1.21299
1.21405
1.21505
1.21599
1.21688
1.21773
1.21853
1.21928
1.21999
1.22066
1.22129
1.22189
1.22245
1.22299
1.22349
1.22396
1.2244
1.22482
1.22522
1.22559
1.22594
1.22628
1.22659
1.22688
1.22716
1.22743
1.22768
1.22791
1.22814
1.22835
1.22855
1.22874
1.22893
1.2291
1.22927
1.22943
1.22959
1.22974
1.22989
1.23003
1.23018
1.23031
1.23045
1.23059
1.23073
1.23088
1.23102
1.23117
1.23133
1.2315
1.12399
1.1244
1.12492
1.12556
1.12633
1.12724
1.1283
1.12952
1.13091
1.13248
1.13423
1.13617
1.13831
1.14064
1.14317
1.1459
1.14882
1.15192
1.15519
1.15863
1.16222
1.16595
1.16981
1.17377
1.17783
1.18196
1.18615
1.19038
1.19464
1.19891
1.20318
1.20743
1.21165
1.21583
1.21996
1.22402
1.22801
1.23192
1.23575
1.23948
1.24311
1.24664
1.25006
1.25338
1.25659
1.25968
1.26267
1.26554
1.2683
1.27095
1.2735
1.27593
1.27826
1.28049
1.28261
1.28464
1.28657
1.28841
1.29016
1.29183
1.29341
1.29491
1.29633
1.29767
1.29894
1.30015
1.30129
1.30236
1.30338
1.30434
1.30524
1.30609
1.30688
1.30764
1.30834
1.309
1.30962
1.3102
1.31075
1.31126
1.31173
1.31218
1.31259
1.31298
1.31333
1.31367
1.31398
1.31426
1.31453
1.31478
1.31501
1.31522
1.31541
1.31559
1.31575
1.3159
1.31604
1.31617
1.31629
1.31639
1.31649
1.31658
1.31666
1.31674
1.31681
1.31687
1.31693
1.31699
1.31704
1.31709
1.31714
1.31718
1.31723
1.31728
1.31733
1.31738
1.31744
1.3175
1.31757
1.31765
1.24335
1.24367
1.24409
1.24461
1.24523
1.24598
1.24685
1.24786
1.24902
1.25032
1.25178
1.2534
1.25518
1.25713
1.25925
1.26152
1.26396
1.26654
1.26928
1.27215
1.27515
1.27826
1.28148
1.28479
1.28818
1.29163
1.29513
1.29867
1.30223
1.3058
1.30937
1.31292
1.31645
1.31994
1.32339
1.32678
1.33012
1.33338
1.33657
1.33968
1.34271
1.34565
1.3485
1.35126
1.35393
1.3565
1.35897
1.36135
1.36363
1.36582
1.36791
1.36992
1.37183
1.37365
1.37539
1.37705
1.37862
1.38011
1.38152
1.38286
1.38413
1.38532
1.38645
1.38752
1.38852
1.38947
1.39036
1.39119
1.39197
1.39271
1.39339
1.39403
1.39463
1.39518
1.3957
1.39618
1.39662
1.39703
1.39741
1.39776
1.39808
1.39838
1.39865
1.39889
1.39912
1.39932
1.3995
1.39966
1.39981
1.39994
1.40005
1.40015
1.40024
1.40031
1.40037
1.40042
1.40046
1.40049
1.40052
1.40053
1.40054
1.40054
1.40054
1.40053
1.40051
1.40049
1.40047
1.40045
1.40042
1.4004
1.40037
1.40034
1.40031
1.40029
1.40026
1.40025
1.40023
1.40022
1.40023
1.40024
1.35856
1.35878
1.35907
1.35945
1.35992
1.36049
1.36116
1.36195
1.36285
1.36388
1.36503
1.36631
1.36772
1.36926
1.37094
1.37275
1.37468
1.37674
1.37892
1.3812
1.38359
1.38607
1.38864
1.39128
1.39398
1.39673
1.39952
1.40234
1.40518
1.40803
1.41088
1.41371
1.41652
1.41931
1.42206
1.42476
1.42741
1.43001
1.43255
1.43502
1.43742
1.43976
1.44201
1.4442
1.4463
1.44833
1.45028
1.45215
1.45394
1.45565
1.45728
1.45884
1.46033
1.46174
1.46308
1.46435
1.46555
1.46669
1.46776
1.46877
1.46973
1.47062
1.47146
1.47225
1.47298
1.47367
1.47431
1.47491
1.47546
1.47598
1.47645
1.47689
1.47729
1.47766
1.478
1.47831
1.47858
1.47884
1.47906
1.47927
1.47945
1.47961
1.47975
1.47987
1.47997
1.48005
1.48012
1.48018
1.48022
1.48025
1.48027
1.48027
1.48027
1.48026
1.48023
1.4802
1.48016
1.48012
1.48007
1.48001
1.47995
1.47988
1.47981
1.47974
1.47966
1.47959
1.47951
1.47943
1.47934
1.47926
1.47918
1.4791
1.47903
1.47895
1.47888
1.47881
1.47875
1.4787
1.47865
1.47862
1.46823
1.46831
1.46845
1.46867
1.46895
1.46932
1.46977
1.4703
1.47093
1.47165
1.47247
1.47338
1.4744
1.47552
1.47674
1.47806
1.47948
1.48099
1.48259
1.48428
1.48604
1.48787
1.48977
1.49173
1.49373
1.49577
1.49784
1.49993
1.50204
1.50415
1.50626
1.50837
1.51045
1.51252
1.51455
1.51656
1.51852
1.52044
1.52231
1.52414
1.52591
1.52762
1.52928
1.53088
1.53242
1.5339
1.53532
1.53667
1.53797
1.5392
1.54038
1.5415
1.54256
1.54356
1.54451
1.5454
1.54624
1.54703
1.54777
1.54846
1.54911
1.54972
1.55028
1.5508
1.55128
1.55173
1.55214
1.55251
1.55286
1.55317
1.55345
1.55371
1.55394
1.55414
1.55433
1.55448
1.55462
1.55474
1.55484
1.55492
1.55499
1.55504
1.55507
1.55509
1.5551
1.5551
1.55508
1.55506
1.55502
1.55498
1.55492
1.55486
1.5548
1.55472
1.55465
1.55456
1.55447
1.55438
1.55429
1.55419
1.55409
1.55399
1.55388
1.55378
1.55367
1.55356
1.55346
1.55335
1.55324
1.55314
1.55303
1.55293
1.55283
1.55273
1.55264
1.55255
1.55247
1.55239
1.55232
1.55226
1.57039
1.57031
1.57028
1.5703
1.57039
1.57053
1.57074
1.57101
1.57134
1.57175
1.57222
1.57276
1.57338
1.57407
1.57482
1.57565
1.57655
1.57751
1.57853
1.57961
1.58075
1.58193
1.58316
1.58443
1.58573
1.58706
1.5884
1.58977
1.59114
1.59252
1.5939
1.59527
1.59662
1.59797
1.59929
1.60059
1.60187
1.60311
1.60432
1.6055
1.60664
1.60775
1.60881
1.60983
1.61081
1.61175
1.61265
1.61351
1.61432
1.61509
1.61582
1.61651
1.61717
1.61778
1.61835
1.61889
1.61939
1.61986
1.6203
1.6207
1.62107
1.62141
1.62173
1.62201
1.62228
1.62251
1.62272
1.62291
1.62308
1.62323
1.62336
1.62347
1.62357
1.62364
1.62371
1.62376
1.62379
1.62381
1.62382
1.62382
1.62381
1.62379
1.62376
1.62372
1.62367
1.62361
1.62355
1.62348
1.62341
1.62333
1.62325
1.62317
1.62308
1.62298
1.62289
1.62279
1.62269
1.62259
1.62249
1.62239
1.62229
1.62218
1.62208
1.62198
1.62187
1.62177
1.62167
1.62157
1.62147
1.62137
1.62127
1.62118
1.62109
1.621
1.62091
1.62083
1.62076
1.62068
1.62062
1.62056
1.66157
1.66137
1.66121
1.66109
1.66103
1.661
1.66101
1.66107
1.66116
1.66128
1.66145
1.66166
1.66191
1.66219
1.66252
1.66288
1.66328
1.66371
1.66417
1.66467
1.66519
1.66575
1.66632
1.66692
1.66753
1.66815
1.66879
1.66944
1.67009
1.67074
1.6714
1.67205
1.67269
1.67333
1.67396
1.67458
1.67518
1.67577
1.67634
1.67689
1.67743
1.67794
1.67844
1.67892
1.67937
1.6798
1.68022
1.68061
1.68098
1.68133
1.68165
1.68196
1.68225
1.68252
1.68277
1.683
1.68321
1.68341
1.68359
1.68375
1.6839
1.68404
1.68415
1.68426
1.68435
1.68444
1.68451
1.68457
1.68462
1.68465
1.68469
1.68471
1.68472
1.68473
1.68472
1.68471
1.6847
1.68467
1.68465
1.68461
1.68457
1.68453
1.68448
1.68443
1.68438
1.68432
1.68426
1.6842
1.68414
1.68408
1.68401
1.68394
1.68388
1.68381
1.68374
1.68367
1.6836
1.68353
1.68346
1.68339
1.68333
1.68326
1.68319
1.68312
1.68306
1.68299
1.68293
1.68287
1.6828
1.68274
1.68268
1.68263
1.68257
1.68252
1.68246
1.68241
1.68237
1.68232
1.68228
1.68224
1.73313
1.73313
1.73313
1.73313
1.73313
1.73313
1.73313
1.73313
1.73313
1.73313
1.73313
1.73313
1.73313
1.73313
1.73313
1.73313
1.73313
1.73313
1.73313
1.73313
1.73313
1.73313
1.73313
1.73313
1.73313
1.73313
1.73313
1.73313
1.73313
1.73313
1.73313
1.73313
1.73313
1.73313
1.73313
1.73313
1.73313
1.73313
1.73313
1.73313
1.73313
1.73313
1.73313
1.73313
1.73313
1.73313
1.73313
1.73313
1.73313
1.73313
1.73313
1.73313
1.73313
1.73313
1.73313
1.73313
1.73313
1.73313
1.73313
1.73313
1.73313
1.73313
1.73313
1.73313
1.73313
1.73313
1.73313
1.73313
1.73313
1.73313
1.73313
1.73313
1.73313
1.73313
1.73313
1.73313
1.73313
1.73313
1.73313
1.73313
1.73313
1.73313
1.73313
1.73313
1.73313
1.73313
1.73313
1.73313
1.73313
1.73313
1.73313
1.73313
1.73313
1.73313
1.73313
1.73313
1.73313
1.73313
1.73313
1.73313
1.73313
1.73313
1.73313
1.73313
1.73313
1.73313
1.73313
1.73313
1.73313
1.73313
1.73313
1.73313
1.73313
1.73313
1.73313
1.73313
1.73313
1.73313
1.73313
1.73313
)
;

boundaryField
{
    inlet
    {
        type            calculated;
    }
    outlet
    {
        type            calculated;
    }
    lowerWall
    {
        type            calculated;
    }
    upperWall
    {
        type            calculated;
    }
    frontAndBack
    {
        type            empty;
    }
}


// ************************************************************************* //
