/*--------------------------------*- C++ -*----------------------------------*\
| =========                 |                                                 |
| \\      /  F ield         | OpenFOAM: The Open Source CFD Toolbox           |
|  \\    /   O peration     | Version:  4.0                                   |
|   \\  /    A nd           | Web:      www.OpenFOAM.org                      |
|    \\/     M anipulation  |                                                 |
\*---------------------------------------------------------------------------*/
FoamFile
{
    version     2.0;
    format      ascii;
    class       volVectorField;
    location    "85";
    object      U;
}
// * * * * * * * * * * * * * * * * * * * * * * * * * * * * * * * * * * * * * //

dimensions      [0 1 -1 0 0 0 0];

internalField   nonuniform List<vector> 
3136
(
(0.591505 -0.00488564 0)
(0.594377 -0.00520372 0)
(0.597808 -0.00497564 0)
(0.601375 -0.00466739 0)
(0.604684 -0.00434618 0)
(0.60769 -0.00401545 0)
(0.610453 -0.00369001 0)
(0.613021 -0.00338459 0)
(0.615421 -0.00310648 0)
(0.617675 -0.00285714 0)
(0.619808 -0.00263416 0)
(0.621838 -0.00243047 0)
(0.623767 -0.00222891 0)
(0.625562 -0.00198654 0)
(0.627018 -0.00161891 0)
(0.629347 -0.00366147 0)
(0.787045 -0.00189247 0)
(0.784384 -0.00242328 0)
(0.781961 -0.00242993 0)
(0.779975 -0.00235628 0)
(0.778351 -0.00227585 0)
(0.777004 -0.00218441 0)
(0.775896 -0.0020913 0)
(0.775008 -0.0020102 0)
(0.774317 -0.00194851 0)
(0.773806 -0.00190774 0)
(0.773466 -0.00188572 0)
(0.773292 -0.00187615 0)
(0.773296 -0.00186439 0)
(0.773529 -0.00181728 0)
(0.774146 -0.00167019 0)
(0.775185 -0.00127393 0)
(0.854014 -0.000150412 0)
(0.853638 -0.000403434 0)
(0.853049 -0.000579191 0)
(0.852454 -0.000715394 0)
(0.851932 -0.000844778 0)
(0.851473 -0.000966242 0)
(0.85107 -0.00107991 0)
(0.850728 -0.00119251 0)
(0.850454 -0.00131106 0)
(0.850255 -0.00144041 0)
(0.850136 -0.00158392 0)
(0.850112 -0.00174453 0)
(0.850199 -0.00192644 0)
(0.850432 -0.00214117 0)
(0.850852 -0.00243174 0)
(0.851453 -0.00294996 0)
(0.898618 -0.000337615 0)
(0.898773 -0.000734209 0)
(0.898896 -0.00103533 0)
(0.899004 -0.00122113 0)
(0.899118 -0.00134301 0)
(0.899238 -0.00143433 0)
(0.89936 -0.00151243 0)
(0.899488 -0.00159156 0)
(0.89963 -0.00168425 0)
(0.899794 -0.00180028 0)
(0.89999 -0.00194747 0)
(0.900229 -0.00213358 0)
(0.900527 -0.00236882 0)
(0.900903 -0.00267002 0)
(0.901375 -0.00306813 0)
(0.901945 -0.0036143 0)
(0.937308 -0.0003774 0)
(0.937417 -0.000690911 0)
(0.937508 -0.000889076 0)
(0.937549 -0.00101704 0)
(0.937557 -0.00111801 0)
(0.93755 -0.00121491 0)
(0.937537 -0.00131923 0)
(0.937526 -0.00143974 0)
(0.937527 -0.00158445 0)
(0.937546 -0.00176057 0)
(0.937593 -0.00197517 0)
(0.937676 -0.00223664 0)
(0.937803 -0.00255641 0)
(0.937985 -0.00295114 0)
(0.938226 -0.00344502 0)
(0.938523 -0.00406976 0)
(0.96586 -0.000769447 0)
(0.966029 -0.00115042 0)
(0.966114 -0.00131288 0)
(0.966081 -0.00139095 0)
(0.96597 -0.00143818 0)
(0.965813 -0.0014794 0)
(0.965623 -0.00153241 0)
(0.965412 -0.00161059 0)
(0.965192 -0.00172381 0)
(0.964975 -0.00187995 0)
(0.964771 -0.00208643 0)
(0.964588 -0.00235164 0)
(0.964433 -0.00268618 0)
(0.964311 -0.00310402 0)
(0.964223 -0.00362313 0)
(0.964165 -0.00426457 0)
(0.988257 -0.000463489 0)
(0.988003 -0.000649879 0)
(0.987465 -0.000688373 0)
(0.986753 -0.000709433 0)
(0.985994 -0.00074036 0)
(0.985237 -0.000789532 0)
(0.984498 -0.000866272 0)
(0.983785 -0.000978641 0)
(0.983107 -0.00113277 0)
(0.982471 -0.00133409 0)
(0.981879 -0.00158848 0)
(0.981332 -0.00190307 0)
(0.98083 -0.0022869 0)
(0.980369 -0.00275134 0)
(0.979945 -0.00331019 0)
(0.979547 -0.00397878 0)
(0.997494 -0.000228292 0)
(0.996957 -0.000183468 0)
(0.996137 -9.07285e-05 0)
(0.995184 -2.31463e-05 0)
(0.994226 -1.71098e-07 0)
(0.993298 -2.70028e-05 0)
(0.992403 -0.000105207 0)
(0.991546 -0.000235266 0)
(0.990731 -0.000417701 0)
(0.989961 -0.000653727 0)
(0.989237 -0.000946157 0)
(0.988556 -0.00129962 0)
(0.987914 -0.00172065 0)
(0.987306 -0.00221768 0)
(0.986723 -0.00280086 0)
(0.986155 -0.00348144 0)
(0.996821 0.000645099 0)
(0.996365 0.000963938 0)
(0.995644 0.00109038 0)
(0.99478 0.00113131 0)
(0.993897 0.00110532 0)
(0.993031 0.00101781 0)
(0.992188 0.000875302 0)
(0.991372 0.000682291 0)
(0.990587 0.000440566 0)
(0.989836 0.000149948 0)
(0.989118 -0.000191175 0)
(0.988428 -0.000586372 0)
(0.98776 -0.00104163 0)
(0.987108 -0.00156433 0)
(0.986464 -0.00216242 0)
(0.985815 -0.00284449 0)
(0.984666 0.000836319 0)
(0.98469 0.00133577 0)
(0.984494 0.00160223 0)
(0.984101 0.00174178 0)
(0.983602 0.00177769 0)
(0.983055 0.0017226 0)
(0.982482 0.00159069 0)
(0.981895 0.00139324 0)
(0.981304 0.00113802 0)
(0.980715 0.000829969 0)
(0.98013 0.000471487 0)
(0.979549 6.23895e-05 0)
(0.978965 -0.000399994 0)
(0.978367 -0.000921024 0)
(0.977748 -0.00150752 0)
(0.977097 -0.00216596 0)
(0.95951 0.000642937 0)
(0.959723 0.00122561 0)
(0.959819 0.00165484 0)
(0.959767 0.00192103 0)
(0.959625 0.00204914 0)
(0.959436 0.00206538 0)
(0.959213 0.00198774 0)
(0.958962 0.00182986 0)
(0.958686 0.00160355 0)
(0.958389 0.00131805 0)
(0.958067 0.000979202 0)
(0.957718 0.000590141 0)
(0.957337 0.000152193 0)
(0.956918 -0.000336072 0)
(0.956444 -0.000879702 0)
(0.955906 -0.00148472 0)
(0.930742 0.000574914 0)
(0.930438 0.00125022 0)
(0.929934 0.00176041 0)
(0.929319 0.00203938 0)
(0.928701 0.00214936 0)
(0.928113 0.00214506 0)
(0.927553 0.00205233 0)
(0.927017 0.00188787 0)
(0.926502 0.00166615 0)
(0.926003 0.00139754 0)
(0.925511 0.00108766 0)
(0.925015 0.000738602 0)
(0.924502 0.000350679 0)
(0.923965 -7.62713e-05 0)
(0.923394 -0.00054363 0)
(0.92276 -0.00105604 0)
(0.890924 0.00100409 0)
(0.890418 0.00206403 0)
(0.889524 0.00280398 0)
(0.888513 0.00320194 0)
(0.887567 0.00336903 0)
(0.886692 0.00337308 0)
(0.885861 0.00325099 0)
(0.885063 0.003036 0)
(0.884294 0.00275669 0)
(0.883545 0.00243248 0)
(0.882802 0.00207454 0)
(0.882054 0.00168859 0)
(0.881289 0.0012768 0)
(0.880495 0.000839573 0)
(0.879662 0.000377479 0)
(0.87879 -0.000110076 0)
(0.84054 0.00146498 0)
(0.839534 0.00251879 0)
(0.837774 0.0029859 0)
(0.835876 0.00320715 0)
(0.834093 0.00332936 0)
(0.832413 0.00335187 0)
(0.830819 0.00327815 0)
(0.829316 0.00313288 0)
(0.827901 0.00293848 0)
(0.826562 0.00270758 0)
(0.825282 0.00244647 0)
(0.824044 0.00215855 0)
(0.822832 0.00184548 0)
(0.821631 0.00150732 0)
(0.820425 0.00114319 0)
(0.819197 0.000753661 0)
(0.766681 0.00567596 0)
(0.760812 0.00796086 0)
(0.755404 0.00832771 0)
(0.751053 0.00817149 0)
(0.747504 0.00783396 0)
(0.744519 0.00735735 0)
(0.742011 0.00679571 0)
(0.739926 0.00620927 0)
(0.738191 0.00563387 0)
(0.73673 0.00508321 0)
(0.735482 0.00456016 0)
(0.734393 0.00406332 0)
(0.733419 0.00358933 0)
(0.73252 0.00313369 0)
(0.73166 0.00269124 0)
(0.730806 0.0022567 0)
(0.478791 0.0043452 0)
(0.484773 0.00805994 0)
(0.493205 0.00914921 0)
(0.502881 0.00936539 0)
(0.512118 0.00916591 0)
(0.520482 0.00869248 0)
(0.528056 0.00806532 0)
(0.534933 0.00737983 0)
(0.54115 0.00669269 0)
(0.546736 0.0060321 0)
(0.551732 0.00541067 0)
(0.556185 0.00483312 0)
(0.560133 0.00429969 0)
(0.563614 0.00380803 0)
(0.566654 0.00335431 0)
(0.569278 0.00293402 0)
(-0.0197201 0.0185415 0)
(-0.040301 0.0180209 0)
(-0.0646305 0.0156633 0)
(-0.0867894 0.0137834 0)
(-0.106894 0.0122973 0)
(-0.125232 0.0110611 0)
(-0.142021 0.0099996 0)
(-0.1574 0.0090639 0)
(-0.171563 0.00820884 0)
(-0.184561 0.00736894 0)
(-0.196373 0.0064916 0)
(-0.20691 0.00553651 0)
(-0.216021 0.00447426 0)
(-0.223504 0.00328892 0)
(-0.229139 0.00198452 0)
(-0.232733 0.000588936 0)
(-0.234128 -0.00083688 0)
(-0.233201 -0.00218718 0)
(-0.230322 -0.00340207 0)
(-0.225682 -0.00448629 0)
(-0.219498 -0.005455 0)
(-0.211966 -0.00632083 0)
(-0.203262 -0.00709285 0)
(-0.193554 -0.00776867 0)
(-0.183007 -0.00834966 0)
(-0.171779 -0.0088451 0)
(-0.160008 -0.0092654 0)
(-0.147825 -0.00962107 0)
(-0.135335 -0.00992792 0)
(-0.122607 -0.0102095 0)
(-0.109711 -0.0104586 0)
(-0.0967237 -0.0106548 0)
(-0.0837453 -0.0108065 0)
(-0.0708581 -0.0109359 0)
(-0.0580379 -0.0110768 0)
(-0.0453637 -0.0112382 0)
(-0.032831 -0.0114047 0)
(-0.0205197 -0.011591 0)
(-0.00863753 -0.0117708 0)
(0.00370045 -0.011571 0)
(0.015096 -0.0109255 0)
(0.0261961 -0.0102267 0)
(0.0370082 -0.00959539 0)
(0.0474442 -0.00903285 0)
(0.0575061 -0.00852693 0)
(0.0672128 -0.00806769 0)
(0.0765797 -0.00764753 0)
(0.0856194 -0.00726059 0)
(0.0943427 -0.00690222 0)
(0.10276 -0.00656877 0)
(0.110882 -0.00625738 0)
(0.118718 -0.00596573 0)
(0.126277 -0.00569193 0)
(0.133569 -0.00543439 0)
(0.140604 -0.00519179 0)
(0.14739 -0.00496298 0)
(0.153937 -0.00474697 0)
(0.160253 -0.00454287 0)
(0.166347 -0.00434988 0)
(0.172228 -0.00416728 0)
(0.177904 -0.00399442 0)
(0.183383 -0.00383068 0)
(0.188673 -0.00367552 0)
(0.193782 -0.00352842 0)
(0.198717 -0.0033889 0)
(0.203486 -0.00325651 0)
(0.208094 -0.00313084 0)
(0.212549 -0.00301149 0)
(0.216857 -0.00289811 0)
(0.221025 -0.00279035 0)
(0.225058 -0.00268788 0)
(0.228961 -0.00259042 0)
(0.23274 -0.00249767 0)
(0.236401 -0.00240937 0)
(0.239948 -0.00232527 0)
(0.243386 -0.00224513 0)
(0.24672 -0.00216874 0)
(0.249953 -0.00209589 0)
(0.25309 -0.00202638 0)
(0.256135 -0.00196003 0)
(0.259092 -0.00189666 0)
(0.261964 -0.00183612 0)
(0.264755 -0.00177825 0)
(0.267467 -0.00172291 0)
(0.270105 -0.00166996 0)
(0.272671 -0.00161929 0)
(0.275167 -0.00157076 0)
(0.277597 -0.00152427 0)
(0.279963 -0.00147972 0)
(0.282268 -0.001437 0)
(0.284514 -0.00139602 0)
(0.286703 -0.00135671 0)
(0.288838 -0.00131897 0)
(0.29092 -0.00128274 0)
(0.292952 -0.00124794 0)
(0.294935 -0.0012145 0)
(0.296871 -0.00118237 0)
(0.298763 -0.00115148 0)
(0.300611 -0.00112179 0)
(0.302417 -0.00109325 0)
(0.304183 -0.0010658 0)
(0.305911 -0.00103941 0)
(0.307602 -0.00101405 0)
(0.309257 -0.00098967 0)
(0.310878 -0.000966253 0)
(0.312466 -0.000943779 0)
(0.314023 -0.000922237 0)
(0.315549 -0.000901632 0)
(0.317047 -0.000881988 0)
(0.318517 -0.000863366 0)
(0.319961 -0.000845879 0)
(0.321382 -0.000829733 0)
(0.322782 -0.000815292 0)
(0.324163 -0.000803207 0)
(0.32553 -0.000794658 0)
(0.32689 -0.000791825 0)
(0.328255 -0.000798884 0)
(0.329644 -0.000825565 0)
(0.33111 -0.000897929 0)
(0.333121 -0.00102063 0)
(-0.0168458 0.0365886 0)
(-0.0331416 0.0364439 0)
(-0.0524936 0.033235 0)
(-0.0698258 0.0301306 0)
(-0.0852952 0.0274439 0)
(-0.0992098 0.0251186 0)
(-0.111814 0.0230878 0)
(-0.123298 0.0212864 0)
(-0.133792 0.0196233 0)
(-0.14335 0.0179807 0)
(-0.151963 0.0162482 0)
(-0.15956 0.0143281 0)
(-0.166003 0.0121368 0)
(-0.171098 0.00961258 0)
(-0.174621 0.00673948 0)
(-0.176349 0.00356619 0)
(-0.176057 0.000234738 0)
(-0.17381 -0.00296601 0)
(-0.169888 -0.0058116 0)
(-0.164425 -0.00830575 0)
(-0.157612 -0.0104863 0)
(-0.149621 -0.0123892 0)
(-0.1406 -0.0140494 0)
(-0.130702 -0.015466 0)
(-0.120069 -0.0166408 0)
(-0.10884 -0.017596 0)
(-0.0971352 -0.0183561 0)
(-0.0850672 -0.0189427 0)
(-0.0727417 -0.01938 0)
(-0.0602055 -0.0197162 0)
(-0.0475819 -0.0199563 0)
(-0.0349111 -0.0200757 0)
(-0.0222566 -0.0200932 0)
(-0.00968371 -0.0200387 0)
(0.00299146 -0.019914 0)
(0.0153239 -0.0197271 0)
(0.0273717 -0.0195021 0)
(0.0391728 -0.0192631 0)
(0.0506932 -0.0190299 0)
(0.0620038 -0.0186244 0)
(0.0729815 -0.0179959 0)
(0.0836641 -0.0173188 0)
(0.0940495 -0.0166556 0)
(0.104123 -0.0160199 0)
(0.11388 -0.0154147 0)
(0.123325 -0.0148383 0)
(0.132462 -0.0142879 0)
(0.141297 -0.0137612 0)
(0.149837 -0.013256 0)
(0.15809 -0.0127707 0)
(0.166064 -0.0123043 0)
(0.173765 -0.0118558 0)
(0.181204 -0.0114246 0)
(0.188387 -0.01101 0)
(0.195324 -0.0106115 0)
(0.202022 -0.0102288 0)
(0.208491 -0.00986121 0)
(0.214738 -0.00950839 0)
(0.220772 -0.00916986 0)
(0.2266 -0.00884518 0)
(0.232231 -0.00853387 0)
(0.237672 -0.00823548 0)
(0.242931 -0.00794955 0)
(0.248014 -0.00767563 0)
(0.252929 -0.00741324 0)
(0.257683 -0.00716195 0)
(0.262281 -0.00692132 0)
(0.266731 -0.0066909 0)
(0.271039 -0.00647028 0)
(0.27521 -0.00625904 0)
(0.27925 -0.00605677 0)
(0.283164 -0.00586309 0)
(0.286958 -0.00567762 0)
(0.290636 -0.00549999 0)
(0.294204 -0.00532985 0)
(0.297665 -0.00516686 0)
(0.301025 -0.00501069 0)
(0.304287 -0.00486103 0)
(0.307456 -0.00471759 0)
(0.310535 -0.00458006 0)
(0.313528 -0.0044482 0)
(0.316438 -0.00432172 0)
(0.319269 -0.00420038 0)
(0.322024 -0.00408395 0)
(0.324706 -0.0039722 0)
(0.327317 -0.00386492 0)
(0.329862 -0.0037619 0)
(0.332342 -0.00366295 0)
(0.334759 -0.00356789 0)
(0.337117 -0.00347654 0)
(0.339418 -0.00338874 0)
(0.341664 -0.00330434 0)
(0.343856 -0.00322319 0)
(0.345998 -0.00314515 0)
(0.348091 -0.0030701 0)
(0.350137 -0.0029979 0)
(0.352137 -0.00292846 0)
(0.354095 -0.00286165 0)
(0.35601 -0.00279739 0)
(0.357885 -0.00273558 0)
(0.359722 -0.00267613 0)
(0.361522 -0.00261896 0)
(0.363286 -0.00256401 0)
(0.365015 -0.00251121 0)
(0.366712 -0.00246053 0)
(0.368378 -0.00241191 0)
(0.370013 -0.00236536 0)
(0.37162 -0.0023209 0)
(0.373199 -0.00227859 0)
(0.374752 -0.00223857 0)
(0.37628 -0.00220111 0)
(0.377785 -0.00216668 0)
(0.379269 -0.00213607 0)
(0.380734 -0.0021107 0)
(0.382183 -0.00209299 0)
(0.383618 -0.00208724 0)
(0.385045 -0.00210129 0)
(0.386466 -0.00215162 0)
(0.387909 -0.00227342 0)
(0.389629 -0.00242422 0)
(-0.01264 0.0558066 0)
(-0.0241408 0.054157 0)
(-0.0379902 0.049029 0)
(-0.0499765 0.0440847 0)
(-0.0604809 0.0397816 0)
(-0.0698196 0.0360884 0)
(-0.07819 0.0329042 0)
(-0.0857347 0.030106 0)
(-0.092551 0.0275418 0)
(-0.0986777 0.0250307 0)
(-0.104099 0.0224019 0)
(-0.108742 0.0195018 0)
(-0.112483 0.016192 0)
(-0.115132 0.0123511 0)
(-0.116447 0.00793277 0)
(-0.116151 0.00302373 0)
(-0.113908 -0.00205889 0)
(-0.110223 -0.0068385 0)
(-0.105133 -0.0110836 0)
(-0.0987983 -0.01481 0)
(-0.0913723 -0.0180613 0)
(-0.0830013 -0.0208812 0)
(-0.0737847 -0.0233256 0)
(-0.0638925 -0.0253932 0)
(-0.053427 -0.0270905 0)
(-0.0425023 -0.0284548 0)
(-0.031213 -0.029526 0)
(-0.0196432 -0.0303409 0)
(-0.00788154 -0.0309316 0)
(0.00416256 -0.0313195 0)
(0.0160965 -0.031507 0)
(0.0279778 -0.031525 0)
(0.0397773 -0.0314094 0)
(0.0514395 -0.0311908 0)
(0.0629593 -0.0308435 0)
(0.0742842 -0.0303655 0)
(0.0854084 -0.0298139 0)
(0.096303 -0.0292237 0)
(0.10693 -0.0286033 0)
(0.117287 -0.0279137 0)
(0.127383 -0.0271435 0)
(0.137235 -0.0263353 0)
(0.146835 -0.0255187 0)
(0.156167 -0.0247077 0)
(0.165226 -0.0239087 0)
(0.174006 -0.0231253 0)
(0.182508 -0.0223594 0)
(0.190735 -0.0216121 0)
(0.198691 -0.0208842 0)
(0.206382 -0.0201762 0)
(0.213814 -0.0194884 0)
(0.220995 -0.0188213 0)
(0.227931 -0.0181751 0)
(0.23463 -0.0175497 0)
(0.241099 -0.0169453 0)
(0.247348 -0.0163618 0)
(0.253382 -0.015799 0)
(0.259211 -0.0152566 0)
(0.26484 -0.0147343 0)
(0.270279 -0.0142318 0)
(0.275534 -0.0137485 0)
(0.280612 -0.013284 0)
(0.28552 -0.0128378 0)
(0.290266 -0.0124093 0)
(0.294854 -0.011998 0)
(0.299293 -0.0116034 0)
(0.303587 -0.0112247 0)
(0.307744 -0.0108616 0)
(0.311767 -0.0105133 0)
(0.315664 -0.0101793 0)
(0.319439 -0.00985914 0)
(0.323097 -0.00955214 0)
(0.326643 -0.00925781 0)
(0.330082 -0.00897561 0)
(0.333418 -0.00870504 0)
(0.336655 -0.00844559 0)
(0.339798 -0.00819679 0)
(0.342851 -0.00795818 0)
(0.345816 -0.00772931 0)
(0.348699 -0.00750974 0)
(0.351501 -0.00729908 0)
(0.354227 -0.00709692 0)
(0.35688 -0.00690289 0)
(0.359462 -0.00671663 0)
(0.361977 -0.00653779 0)
(0.364427 -0.00636605 0)
(0.366815 -0.00620109 0)
(0.369144 -0.00604262 0)
(0.371415 -0.00589036 0)
(0.373631 -0.00574404 0)
(0.375794 -0.00560339 0)
(0.377907 -0.00546819 0)
(0.379971 -0.00533821 0)
(0.381988 -0.00521323 0)
(0.383961 -0.00509304 0)
(0.385891 -0.00497746 0)
(0.387779 -0.00486631 0)
(0.389628 -0.00475942 0)
(0.391438 -0.00465662 0)
(0.393212 -0.00455778 0)
(0.394951 -0.00446276 0)
(0.396656 -0.00437142 0)
(0.398329 -0.00428367 0)
(0.399971 -0.00419939 0)
(0.401584 -0.00411852 0)
(0.403168 -0.00404098 0)
(0.404724 -0.00396675 0)
(0.406255 -0.00389584 0)
(0.407761 -0.00382833 0)
(0.409243 -0.00376438 0)
(0.410703 -0.00370432 0)
(0.412141 -0.00364869 0)
(0.41356 -0.00359845 0)
(0.414959 -0.00355517 0)
(0.416341 -0.00352144 0)
(0.417705 -0.00350149 0)
(0.419051 -0.00350223 0)
(0.420372 -0.00353573 0)
(0.421686 -0.0036191 0)
(0.423174 -0.00370848 0)
(-0.00877644 0.0702884 0)
(-0.0155352 0.0665408 0)
(-0.0236037 0.0594025 0)
(-0.0298953 0.0529107 0)
(-0.0351392 0.0474152 0)
(-0.0396056 0.0427665 0)
(-0.0433935 0.038786 0)
(-0.0465669 0.0353009 0)
(-0.0491842 0.0321212 0)
(-0.0512606 0.029008 0)
(-0.0527711 0.0257321 0)
(-0.0536349 0.0220952 0)
(-0.0537476 0.0179091 0)
(-0.0529271 0.0129506 0)
(-0.050911 0.00711375 0)
(-0.0472598 0.000576468 0)
(-0.0422124 -0.00602655 0)
(-0.0363453 -0.0120762 0)
(-0.0295615 -0.0174593 0)
(-0.0219723 -0.0222025 0)
(-0.0136644 -0.0263545 0)
(-0.00473371 -0.0299644 0)
(0.00485258 -0.0330935 0)
(0.0147431 -0.035677 0)
(0.0249797 -0.0377917 0)
(0.0354796 -0.0394884 0)
(0.0461741 -0.0408146 0)
(0.0569972 -0.0418164 0)
(0.0678763 -0.0425334 0)
(0.0787765 -0.0429626 0)
(0.0896278 -0.0431194 0)
(0.100411 -0.0430637 0)
(0.111081 -0.042836 0)
(0.121595 -0.0424616 0)
(0.131928 -0.0419403 0)
(0.14207 -0.0412812 0)
(0.152013 -0.0405225 0)
(0.161736 -0.039695 0)
(0.171212 -0.0388127 0)
(0.180433 -0.0378659 0)
(0.189413 -0.0368531 0)
(0.198165 -0.0357975 0)
(0.206688 -0.0347221 0)
(0.214974 -0.0336429 0)
(0.223019 -0.0325706 0)
(0.230818 -0.0315123 0)
(0.238372 -0.0304729 0)
(0.245682 -0.0294557 0)
(0.252752 -0.0284628 0)
(0.259586 -0.0274959 0)
(0.26619 -0.0265561 0)
(0.272569 -0.0256442 0)
(0.27873 -0.0247607 0)
(0.284679 -0.0239059 0)
(0.290423 -0.0230799 0)
(0.29597 -0.0222826 0)
(0.301326 -0.0215138 0)
(0.306497 -0.020773 0)
(0.311492 -0.0200599 0)
(0.316316 -0.019374 0)
(0.320976 -0.0187145 0)
(0.325478 -0.0180808 0)
(0.329828 -0.0174723 0)
(0.334034 -0.0168881 0)
(0.338099 -0.0163274 0)
(0.342031 -0.0157896 0)
(0.345835 -0.0152738 0)
(0.349516 -0.0147791 0)
(0.353079 -0.0143049 0)
(0.356528 -0.0138502 0)
(0.35987 -0.0134145 0)
(0.363108 -0.0129968 0)
(0.366246 -0.0125964 0)
(0.36929 -0.0122127 0)
(0.372242 -0.0118448 0)
(0.375107 -0.0114923 0)
(0.377888 -0.0111543 0)
(0.380589 -0.0108302 0)
(0.383213 -0.0105195 0)
(0.385764 -0.0102215 0)
(0.388245 -0.00993568 0)
(0.390658 -0.00966153 0)
(0.393006 -0.0093985 0)
(0.395293 -0.00914612 0)
(0.39752 -0.0089039 0)
(0.39969 -0.00867139 0)
(0.401806 -0.00844818 0)
(0.40387 -0.00823385 0)
(0.405883 -0.00802802 0)
(0.407849 -0.00783033 0)
(0.409768 -0.00764041 0)
(0.411643 -0.00745795 0)
(0.413476 -0.00728263 0)
(0.415269 -0.00711416 0)
(0.417022 -0.00695226 0)
(0.418738 -0.00679666 0)
(0.420419 -0.00664712 0)
(0.422065 -0.00650341 0)
(0.423678 -0.0063653 0)
(0.42526 -0.0062326 0)
(0.426812 -0.00610512 0)
(0.428335 -0.00598268 0)
(0.42983 -0.00586512 0)
(0.431298 -0.0057523 0)
(0.432742 -0.0056441 0)
(0.434161 -0.00554043 0)
(0.435556 -0.00544122 0)
(0.43693 -0.00534645 0)
(0.438283 -0.00525616 0)
(0.439615 -0.0051705 0)
(0.440928 -0.00508974 0)
(0.442222 -0.00501436 0)
(0.443499 -0.00494517 0)
(0.444758 -0.00488347 0)
(0.445999 -0.00483127 0)
(0.44722 -0.00479155 0)
(0.448418 -0.0047686 0)
(0.449585 -0.00476825 0)
(0.450736 -0.00479439 0)
(0.452014 -0.00481637 0)
(-0.00585498 0.0791794 0)
(-0.00818104 0.0726824 0)
(-0.00987193 0.0635377 0)
(-0.0097664 0.0559318 0)
(-0.00906992 0.0496971 0)
(-0.00793491 0.0444189 0)
(-0.00630945 0.0398558 0)
(-0.00417334 0.0358347 0)
(-0.00156764 0.032177 0)
(0.00152145 0.0285684 0)
(0.00510176 0.0247377 0)
(0.00929732 0.0204309 0)
(0.0141954 0.0154395 0)
(0.0200534 0.00939358 0)
(0.0272257 0.00218129 0)
(0.03567 -0.00554032 0)
(0.0439195 -0.0128666 0)
(0.0523926 -0.0195133 0)
(0.061099 -0.0254622 0)
(0.0700334 -0.0307312 0)
(0.0791874 -0.0353554 0)
(0.0885289 -0.0393734 0)
(0.0980331 -0.0427967 0)
(0.107645 -0.0456378 0)
(0.117356 -0.0479587 0)
(0.127125 -0.0498075 0)
(0.136911 -0.0512307 0)
(0.146676 -0.0522734 0)
(0.156376 -0.052975 0)
(0.165985 -0.0533534 0)
(0.175483 -0.0534338 0)
(0.184857 -0.0532645 0)
(0.194083 -0.0528869 0)
(0.203134 -0.0523319 0)
(0.211995 -0.0516172 0)
(0.22066 -0.0507614 0)
(0.229125 -0.0497932 0)
(0.23738 -0.0487389 0)
(0.245413 -0.0476151 0)
(0.253219 -0.0464273 0)
(0.260807 -0.0451828 0)
(0.268185 -0.0438988 0)
(0.275356 -0.0425937 0)
(0.282319 -0.0412827 0)
(0.289074 -0.0399771 0)
(0.295619 -0.0386855 0)
(0.301956 -0.0374142 0)
(0.308086 -0.0361679 0)
(0.314012 -0.03495 0)
(0.319739 -0.0337629 0)
(0.32527 -0.0326085 0)
(0.330611 -0.031488 0)
(0.335766 -0.0304021 0)
(0.340743 -0.0293515 0)
(0.345546 -0.0283362 0)
(0.350181 -0.0273562 0)
(0.354655 -0.0264112 0)
(0.358973 -0.0255009 0)
(0.36314 -0.0246246 0)
(0.367164 -0.0237817 0)
(0.371048 -0.0229715 0)
(0.374799 -0.0221931 0)
(0.378423 -0.0214456 0)
(0.381923 -0.0207281 0)
(0.385306 -0.0200397 0)
(0.388577 -0.0193794 0)
(0.391739 -0.0187462 0)
(0.394797 -0.018139 0)
(0.397757 -0.0175571 0)
(0.400621 -0.0169993 0)
(0.403395 -0.0164647 0)
(0.406082 -0.0159524 0)
(0.408686 -0.0154615 0)
(0.41121 -0.0149911 0)
(0.413658 -0.0145403 0)
(0.416033 -0.0141082 0)
(0.418338 -0.0136942 0)
(0.420577 -0.0132973 0)
(0.422752 -0.0129169 0)
(0.424866 -0.0125522 0)
(0.426921 -0.0122025 0)
(0.428921 -0.0118672 0)
(0.430868 -0.0115457 0)
(0.432763 -0.0112372 0)
(0.434609 -0.0109413 0)
(0.436409 -0.0106574 0)
(0.438164 -0.0103849 0)
(0.439876 -0.0101234 0)
(0.441548 -0.00987244 0)
(0.44318 -0.00963147 0)
(0.444775 -0.00940011 0)
(0.446333 -0.00917794 0)
(0.447858 -0.00896459 0)
(0.44935 -0.00875968 0)
(0.45081 -0.00856288 0)
(0.45224 -0.00837385 0)
(0.453642 -0.0081923 0)
(0.455016 -0.00801794 0)
(0.456364 -0.00785048 0)
(0.457686 -0.00768969 0)
(0.458985 -0.00753532 0)
(0.460261 -0.00738716 0)
(0.461515 -0.007245 0)
(0.462748 -0.00710866 0)
(0.463961 -0.00697799 0)
(0.465154 -0.00685284 0)
(0.46633 -0.00673311 0)
(0.467489 -0.00661874 0)
(0.46863 -0.00650971 0)
(0.469756 -0.00640607 0)
(0.470867 -0.00630799 0)
(0.471963 -0.00621577 0)
(0.473043 -0.00612992 0)
(0.474109 -0.00605119 0)
(0.475159 -0.00598068 0)
(0.476191 -0.00591983 0)
(0.477199 -0.00587015 0)
(0.478177 -0.00583239 0)
(0.479139 -0.00580326 0)
(0.480203 -0.0057685 0)
(-0.00453924 0.0845132 0)
(-0.00234735 0.0723704 0)
(0.00465953 0.0607254 0)
(0.0131012 0.0525963 0)
(0.0215703 0.0459485 0)
(0.0301407 0.0401455 0)
(0.0390002 0.0350319 0)
(0.0481863 0.0304975 0)
(0.0576306 0.0264249 0)
(0.0674104 0.0224863 0)
(0.0776354 0.0182083 0)
(0.0884117 0.0131895 0)
(0.0999043 0.00707023 0)
(0.113061 -0.000204906 0)
(0.126084 -0.00795765 0)
(0.138009 -0.0155309 0)
(0.149174 -0.0225979 0)
(0.159764 -0.0290828 0)
(0.169894 -0.0349503 0)
(0.179663 -0.0401852 0)
(0.189144 -0.0447935 0)
(0.198386 -0.0487921 0)
(0.207419 -0.0521928 0)
(0.21627 -0.0550115 0)
(0.224965 -0.0572925 0)
(0.233511 -0.0590809 0)
(0.241907 -0.0604209 0)
(0.250146 -0.061356 0)
(0.25822 -0.0619255 0)
(0.266124 -0.0621607 0)
(0.273858 -0.0620938 0)
(0.281424 -0.0617648 0)
(0.288815 -0.0612121 0)
(0.296025 -0.0604679 0)
(0.303048 -0.059558 0)
(0.309885 -0.0585061 0)
(0.316537 -0.0573379 0)
(0.323001 -0.056077 0)
(0.329276 -0.054742 0)
(0.335362 -0.0533458 0)
(0.341264 -0.0519007 0)
(0.346989 -0.0504218 0)
(0.352541 -0.0489244 0)
(0.357923 -0.0474222 0)
(0.363137 -0.0459262 0)
(0.368185 -0.0444454 0)
(0.373066 -0.0429866 0)
(0.377785 -0.0415553 0)
(0.382344 -0.0401556 0)
(0.386745 -0.0387906 0)
(0.390993 -0.0374625 0)
(0.395092 -0.036173 0)
(0.399046 -0.0349232 0)
(0.402859 -0.0337138 0)
(0.406536 -0.0325449 0)
(0.410081 -0.0314167 0)
(0.4135 -0.0303288 0)
(0.416796 -0.0292808 0)
(0.419975 -0.0282721 0)
(0.423041 -0.0273019 0)
(0.425999 -0.0263694 0)
(0.428852 -0.0254737 0)
(0.431606 -0.0246136 0)
(0.434264 -0.0237882 0)
(0.43683 -0.0229964 0)
(0.439309 -0.022237 0)
(0.441703 -0.0215089 0)
(0.444018 -0.020811 0)
(0.446255 -0.0201422 0)
(0.448419 -0.0195013 0)
(0.450513 -0.0188872 0)
(0.45254 -0.0182989 0)
(0.454503 -0.0177353 0)
(0.456405 -0.0171954 0)
(0.458249 -0.0166782 0)
(0.460037 -0.0161827 0)
(0.461772 -0.015708 0)
(0.463456 -0.0152532 0)
(0.465092 -0.0148174 0)
(0.466682 -0.0143998 0)
(0.468227 -0.0139995 0)
(0.469731 -0.0136159 0)
(0.471195 -0.0132481 0)
(0.47262 -0.0128956 0)
(0.47401 -0.0125575 0)
(0.475364 -0.0122333 0)
(0.476685 -0.0119224 0)
(0.477975 -0.0116241 0)
(0.479235 -0.011338 0)
(0.480466 -0.0110634 0)
(0.481669 -0.0108 0)
(0.482847 -0.0105472 0)
(0.483999 -0.0103046 0)
(0.485128 -0.0100717 0)
(0.486235 -0.00984823 0)
(0.48732 -0.00963371 0)
(0.488384 -0.00942781 0)
(0.489429 -0.00923021 0)
(0.490456 -0.00904058 0)
(0.491465 -0.00885863 0)
(0.492457 -0.00868409 0)
(0.493433 -0.00851668 0)
(0.494394 -0.00835619 0)
(0.495341 -0.00820239 0)
(0.496274 -0.00805507 0)
(0.497194 -0.00791407 0)
(0.498102 -0.00777923 0)
(0.498998 -0.00765043 0)
(0.499883 -0.00752758 0)
(0.500757 -0.00741063 0)
(0.50162 -0.00729959 0)
(0.502474 -0.00719451 0)
(0.503317 -0.00709554 0)
(0.504148 -0.00700286 0)
(0.504968 -0.00691664 0)
(0.505773 -0.0068369 0)
(0.506558 -0.00676303 0)
(0.507318 -0.00669253 0)
(0.508067 -0.00661903 0)
(0.508895 -0.006542 0)
(-0.00184114 0.0851905 0)
(0.0107205 0.0585089 0)
(0.0336222 0.0464253 0)
(0.0557325 0.0398586 0)
(0.0761029 0.0341767 0)
(0.0954628 0.0287741 0)
(0.114142 0.0237464 0)
(0.132254 0.019032 0)
(0.149903 0.0143263 0)
(0.168248 0.00922762 0)
(0.187189 0.00373353 0)
(0.205961 -0.00215318 0)
(0.224122 -0.00856437 0)
(0.240318 -0.0152297 0)
(0.25495 -0.0218608 0)
(0.268109 -0.0282544 0)
(0.280002 -0.0343118 0)
(0.290821 -0.0399643 0)
(0.300736 -0.0451501 0)
(0.309896 -0.0498247 0)
(0.318423 -0.0539649 0)
(0.326416 -0.0575633 0)
(0.333953 -0.0606212 0)
(0.341102 -0.0631493 0)
(0.347921 -0.0651741 0)
(0.354453 -0.0667291 0)
(0.36073 -0.0678507 0)
(0.366775 -0.0685761 0)
(0.372605 -0.0689417 0)
(0.378234 -0.068981 0)
(0.383678 -0.0687276 0)
(0.388948 -0.0682171 0)
(0.394053 -0.0674842 0)
(0.398998 -0.0665603 0)
(0.403787 -0.0654728 0)
(0.408426 -0.0642471 0)
(0.412919 -0.0629073 0)
(0.41727 -0.0614758 0)
(0.421481 -0.0599716 0)
(0.425555 -0.0584105 0)
(0.429497 -0.0568066 0)
(0.433312 -0.0551743 0)
(0.437005 -0.0535275 0)
(0.440578 -0.0518786 0)
(0.444035 -0.0502381 0)
(0.447377 -0.0486148 0)
(0.450605 -0.0470157 0)
(0.453721 -0.0454464 0)
(0.456728 -0.0439115 0)
(0.459628 -0.0424143 0)
(0.462423 -0.0409574 0)
(0.465115 -0.0395426 0)
(0.467709 -0.0381712 0)
(0.470205 -0.036844 0)
(0.472609 -0.0355613 0)
(0.474923 -0.0343231 0)
(0.477149 -0.0331294 0)
(0.479292 -0.0319794 0)
(0.481354 -0.0308727 0)
(0.483339 -0.0298084 0)
(0.485249 -0.0287856 0)
(0.487089 -0.0278032 0)
(0.48886 -0.0268602 0)
(0.490566 -0.0259554 0)
(0.49221 -0.0250876 0)
(0.493794 -0.0242556 0)
(0.495321 -0.0234581 0)
(0.496794 -0.0226938 0)
(0.498216 -0.0219617 0)
(0.499588 -0.0212604 0)
(0.500914 -0.0205887 0)
(0.502194 -0.0199454 0)
(0.503433 -0.0193294 0)
(0.504631 -0.0187395 0)
(0.505791 -0.0181747 0)
(0.506915 -0.0176339 0)
(0.508004 -0.017116 0)
(0.50906 -0.0166201 0)
(0.510085 -0.0161451 0)
(0.511081 -0.0156902 0)
(0.512049 -0.0152545 0)
(0.51299 -0.0148372 0)
(0.513907 -0.0144373 0)
(0.514799 -0.0140542 0)
(0.515669 -0.0136872 0)
(0.516518 -0.0133354 0)
(0.517347 -0.0129982 0)
(0.518157 -0.012675 0)
(0.518949 -0.0123652 0)
(0.519724 -0.0120681 0)
(0.520483 -0.0117833 0)
(0.521226 -0.0115102 0)
(0.521956 -0.0112483 0)
(0.522672 -0.0109971 0)
(0.523375 -0.0107562 0)
(0.524067 -0.0105252 0)
(0.524747 -0.0103037 0)
(0.525417 -0.0100913 0)
(0.526077 -0.00988763 0)
(0.526728 -0.0096924 0)
(0.52737 -0.00950529 0)
(0.528003 -0.00932601 0)
(0.52863 -0.00915429 0)
(0.529249 -0.00898988 0)
(0.529861 -0.00883255 0)
(0.530468 -0.00868208 0)
(0.531068 -0.00853829 0)
(0.531663 -0.00840097 0)
(0.532253 -0.00826999 0)
(0.532839 -0.00814516 0)
(0.533419 -0.00802635 0)
(0.533995 -0.00791337 0)
(0.534565 -0.00780602 0)
(0.535129 -0.00770395 0)
(0.535686 -0.00760659 0)
(0.536234 -0.00751289 0)
(0.53677 -0.00742084 0)
(0.537288 -0.00732617 0)
(0.5378 -0.00722158 0)
(0.538367 -0.00711567 0)
(0.0896777 0.0445173 0)
(0.116887 0.0245062 0)
(0.161303 0.0131268 0)
(0.200489 0.00654659 0)
(0.233567 0.00185238 0)
(0.262604 -0.00200824 0)
(0.288632 -0.0053826 0)
(0.312165 -0.00852435 0)
(0.333687 -0.0117497 0)
(0.352844 -0.0151792 0)
(0.369739 -0.0188283 0)
(0.384916 -0.0227521 0)
(0.398626 -0.0269652 0)
(0.410925 -0.031441 0)
(0.421906 -0.0361013 0)
(0.431653 -0.0408094 0)
(0.440294 -0.0454418 0)
(0.447964 -0.0498904 0)
(0.454791 -0.0540632 0)
(0.460889 -0.0578883 0)
(0.466363 -0.0613156 0)
(0.471302 -0.0643137 0)
(0.475785 -0.066866 0)
(0.479883 -0.0689697 0)
(0.483657 -0.0706351 0)
(0.487157 -0.0718819 0)
(0.490424 -0.0727355 0)
(0.493493 -0.0732246 0)
(0.49639 -0.0733791 0)
(0.499136 -0.0732293 0)
(0.501752 -0.0728058 0)
(0.504252 -0.0721401 0)
(0.50665 -0.0712629 0)
(0.508954 -0.0702031 0)
(0.511172 -0.0689874 0)
(0.513309 -0.0676401 0)
(0.515371 -0.0661843 0)
(0.517362 -0.0646408 0)
(0.519284 -0.0630283 0)
(0.521141 -0.0613631 0)
(0.522934 -0.0596599 0)
(0.524667 -0.0579324 0)
(0.526342 -0.0561937 0)
(0.527961 -0.0544552 0)
(0.529525 -0.0527269 0)
(0.531034 -0.0510173 0)
(0.532489 -0.0493334 0)
(0.53389 -0.0476809 0)
(0.535237 -0.0460642 0)
(0.536532 -0.0444869 0)
(0.537774 -0.0429518 0)
(0.538965 -0.0414607 0)
(0.540106 -0.0400152 0)
(0.541197 -0.038616 0)
(0.542242 -0.0372636 0)
(0.54324 -0.0359583 0)
(0.544193 -0.0346996 0)
(0.545104 -0.0334873 0)
(0.545973 -0.0323206 0)
(0.546802 -0.0311987 0)
(0.547593 -0.0301208 0)
(0.548348 -0.0290856 0)
(0.549068 -0.0280922 0)
(0.549755 -0.0271392 0)
(0.55041 -0.0262255 0)
(0.551036 -0.0253498 0)
(0.551634 -0.0245107 0)
(0.552205 -0.0237069 0)
(0.55275 -0.0229372 0)
(0.553272 -0.0222003 0)
(0.553772 -0.0214948 0)
(0.554251 -0.0208195 0)
(0.55471 -0.0201733 0)
(0.55515 -0.0195548 0)
(0.555574 -0.0189629 0)
(0.555982 -0.0183965 0)
(0.556374 -0.0178545 0)
(0.556753 -0.0173359 0)
(0.557119 -0.0168395 0)
(0.557474 -0.0163645 0)
(0.557817 -0.0159099 0)
(0.55815 -0.0154747 0)
(0.558474 -0.0150582 0)
(0.55879 -0.0146594 0)
(0.559098 -0.0142776 0)
(0.559399 -0.0139121 0)
(0.559694 -0.013562 0)
(0.559983 -0.0132268 0)
(0.560267 -0.0129058 0)
(0.560546 -0.0125982 0)
(0.560822 -0.0123037 0)
(0.561094 -0.0120215 0)
(0.561363 -0.0117512 0)
(0.561629 -0.0114923 0)
(0.561894 -0.0112442 0)
(0.562156 -0.0110065 0)
(0.562418 -0.0107789 0)
(0.562678 -0.0105609 0)
(0.562937 -0.0103521 0)
(0.563196 -0.0101521 0)
(0.563455 -0.00996077 0)
(0.563715 -0.00977762 0)
(0.563974 -0.00960242 0)
(0.564235 -0.00943489 0)
(0.564496 -0.00927477 0)
(0.564758 -0.00912182 0)
(0.565021 -0.0089758 0)
(0.565286 -0.00883648 0)
(0.565553 -0.00870364 0)
(0.56582 -0.00857702 0)
(0.566089 -0.00845633 0)
(0.56636 -0.0083412 0)
(0.566631 -0.00823115 0)
(0.566902 -0.00812544 0)
(0.567172 -0.00802299 0)
(0.56744 -0.00792205 0)
(0.567703 -0.00781985 0)
(0.56796 -0.00771138 0)
(0.568214 -0.00758947 0)
(0.568496 -0.00746729 0)
(0.626901 -0.0120385 0)
(0.62294 -0.0138071 0)
(0.620293 -0.0147562 0)
(0.617573 -0.0156501 0)
(0.61461 -0.0165772 0)
(0.611954 -0.0176402 0)
(0.609947 -0.0189444 0)
(0.608693 -0.0205613 0)
(0.608212 -0.0225231 0)
(0.60846 -0.0248538 0)
(0.609332 -0.0275974 0)
(0.610672 -0.0307743 0)
(0.6123 -0.0343385 0)
(0.614056 -0.0382 0)
(0.615802 -0.0422518 0)
(0.617431 -0.0463657 0)
(0.618873 -0.0504216 0)
(0.620092 -0.0543189 0)
(0.621073 -0.057976 0)
(0.621818 -0.06133 0)
(0.622338 -0.0643352 0)
(0.622655 -0.0669614 0)
(0.622793 -0.0691919 0)
(0.62278 -0.0710217 0)
(0.622644 -0.0724566 0)
(0.622412 -0.0735108 0)
(0.622106 -0.0742039 0)
(0.621748 -0.0745595 0)
(0.621353 -0.0746033 0)
(0.620936 -0.0743621 0)
(0.620508 -0.0738635 0)
(0.620078 -0.0731355 0)
(0.619653 -0.0722059 0)
(0.619238 -0.0711011 0)
(0.618835 -0.069846 0)
(0.618446 -0.068464 0)
(0.618072 -0.0669766 0)
(0.617714 -0.0654038 0)
(0.61737 -0.0637637 0)
(0.61704 -0.0620724 0)
(0.616723 -0.0603445 0)
(0.616418 -0.0585936 0)
(0.616124 -0.056832 0)
(0.615839 -0.0550707 0)
(0.615562 -0.0533192 0)
(0.61529 -0.051586 0)
(0.615022 -0.0498778 0)
(0.614756 -0.0482005 0)
(0.61449 -0.0465586 0)
(0.614223 -0.0449559 0)
(0.613953 -0.0433952 0)
(0.61368 -0.0418786 0)
(0.613403 -0.0404078 0)
(0.613121 -0.0389837 0)
(0.612834 -0.0376069 0)
(0.612542 -0.0362777 0)
(0.612244 -0.034996 0)
(0.611941 -0.0337613 0)
(0.611633 -0.0325732 0)
(0.61132 -0.0314309 0)
(0.611003 -0.0303334 0)
(0.610681 -0.0292798 0)
(0.610357 -0.0282688 0)
(0.610029 -0.0272994 0)
(0.609699 -0.0263703 0)
(0.609366 -0.0254801 0)
(0.609033 -0.0246276 0)
(0.608699 -0.0238115 0)
(0.608364 -0.0230304 0)
(0.60803 -0.022283 0)
(0.607697 -0.021568 0)
(0.607366 -0.0208841 0)
(0.607037 -0.0202301 0)
(0.60671 -0.0196047 0)
(0.606386 -0.0190067 0)
(0.606066 -0.0184349 0)
(0.60575 -0.0178883 0)
(0.605439 -0.0173657 0)
(0.605132 -0.0168661 0)
(0.60483 -0.0163885 0)
(0.604535 -0.0159318 0)
(0.604244 -0.0154952 0)
(0.603961 -0.0150777 0)
(0.603683 -0.0146785 0)
(0.603413 -0.0142968 0)
(0.603149 -0.0139317 0)
(0.602893 -0.0135826 0)
(0.602644 -0.0132486 0)
(0.602403 -0.0129292 0)
(0.60217 -0.0126237 0)
(0.601944 -0.0123314 0)
(0.601727 -0.0120518 0)
(0.601518 -0.0117844 0)
(0.601316 -0.0115285 0)
(0.601124 -0.0112838 0)
(0.600939 -0.0110496 0)
(0.600763 -0.0108257 0)
(0.600595 -0.0106116 0)
(0.600436 -0.0104068 0)
(0.600286 -0.0102111 0)
(0.600143 -0.0100241 0)
(0.60001 -0.00984538 0)
(0.599884 -0.00967474 0)
(0.599767 -0.00951186 0)
(0.599659 -0.00935646 0)
(0.599559 -0.00920829 0)
(0.599467 -0.00906709 0)
(0.599383 -0.00893259 0)
(0.599308 -0.00880452 0)
(0.59924 -0.00868255 0)
(0.599181 -0.0085663 0)
(0.599128 -0.00845529 0)
(0.599083 -0.00834885 0)
(0.599044 -0.00824601 0)
(0.599011 -0.0081454 0)
(0.598983 -0.00804497 0)
(0.598959 -0.00794163 0)
(0.598939 -0.00783041 0)
(0.598921 -0.00770477 0)
(0.5989 -0.00757854 0)
(0.776156 -0.00146406 0)
(0.776992 -0.00111657 0)
(0.777729 -0.00151643 0)
(0.778144 -0.00280675 0)
(0.778188 -0.00465526 0)
(0.77799 -0.00689702 0)
(0.777651 -0.00949044 0)
(0.777201 -0.0124113 0)
(0.776646 -0.015632 0)
(0.775983 -0.0191295 0)
(0.775197 -0.0228925 0)
(0.774256 -0.0268993 0)
(0.773118 -0.0310982 0)
(0.771748 -0.035415 0)
(0.770123 -0.0397656 0)
(0.768234 -0.0440607 0)
(0.766089 -0.0482153 0)
(0.763709 -0.0521561 0)
(0.761123 -0.0558228 0)
(0.758367 -0.0591686 0)
(0.755476 -0.0621593 0)
(0.752485 -0.0647729 0)
(0.749428 -0.0669981 0)
(0.746335 -0.0688335 0)
(0.743233 -0.0702858 0)
(0.740146 -0.0713687 0)
(0.737096 -0.0721007 0)
(0.734097 -0.0725035 0)
(0.731162 -0.0726014 0)
(0.728302 -0.0724199 0)
(0.725523 -0.0719849 0)
(0.722831 -0.071323 0)
(0.720227 -0.0704603 0)
(0.717712 -0.0694219 0)
(0.715286 -0.0682319 0)
(0.712947 -0.0669128 0)
(0.710691 -0.0654857 0)
(0.708517 -0.06397 0)
(0.706419 -0.0623837 0)
(0.704393 -0.0607429 0)
(0.702436 -0.0590625 0)
(0.700544 -0.0573559 0)
(0.698712 -0.0556353 0)
(0.696936 -0.0539116 0)
(0.695212 -0.0521946 0)
(0.693535 -0.0504926 0)
(0.691903 -0.0488126 0)
(0.69031 -0.0471606 0)
(0.688755 -0.0455416 0)
(0.687232 -0.0439594 0)
(0.685741 -0.0424173 0)
(0.684278 -0.0409177 0)
(0.682842 -0.0394625 0)
(0.681431 -0.0380527 0)
(0.680042 -0.0366894 0)
(0.678676 -0.0353729 0)
(0.677331 -0.0341032 0)
(0.676005 -0.0328801 0)
(0.674699 -0.0317033 0)
(0.673413 -0.0305719 0)
(0.672145 -0.0294853 0)
(0.670895 -0.0284425 0)
(0.669663 -0.0274424 0)
(0.66845 -0.0264838 0)
(0.667254 -0.0255656 0)
(0.666077 -0.0246865 0)
(0.664918 -0.0238453 0)
(0.663776 -0.0230405 0)
(0.662654 -0.022271 0)
(0.661549 -0.0215353 0)
(0.660463 -0.0208323 0)
(0.659395 -0.0201605 0)
(0.658346 -0.0195188 0)
(0.657316 -0.0189059 0)
(0.656305 -0.0183206 0)
(0.655312 -0.0177617 0)
(0.654338 -0.0172281 0)
(0.653384 -0.0167187 0)
(0.652448 -0.0162324 0)
(0.651531 -0.0157681 0)
(0.650634 -0.0153249 0)
(0.649755 -0.0149018 0)
(0.648895 -0.014498 0)
(0.648054 -0.0141125 0)
(0.647232 -0.0137444 0)
(0.646428 -0.0133931 0)
(0.645644 -0.0130577 0)
(0.644877 -0.0127375 0)
(0.64413 -0.0124318 0)
(0.6434 -0.0121399 0)
(0.642689 -0.0118613 0)
(0.641995 -0.0115953 0)
(0.64132 -0.0113413 0)
(0.640662 -0.0110988 0)
(0.640021 -0.0108674 0)
(0.639398 -0.0106465 0)
(0.638791 -0.0104357 0)
(0.638202 -0.0102346 0)
(0.637629 -0.0100427 0)
(0.637072 -0.00985969 0)
(0.636532 -0.00968524 0)
(0.636007 -0.00951901 0)
(0.635498 -0.00936069 0)
(0.635005 -0.00920997 0)
(0.634527 -0.00906659 0)
(0.634064 -0.00893027 0)
(0.633615 -0.00880074 0)
(0.633181 -0.00867772 0)
(0.632761 -0.00856091 0)
(0.632356 -0.00844997 0)
(0.631964 -0.00834448 0)
(0.631585 -0.00824389 0)
(0.631219 -0.00814747 0)
(0.630866 -0.00805419 0)
(0.630526 -0.00796262 0)
(0.630198 -0.00787069 0)
(0.629882 -0.00777542 0)
(0.629579 -0.00767233 0)
(0.629284 -0.00755599 0)
(0.62895 -0.00743776 0)
(0.85216 -0.00379759 0)
(0.85292 -0.00486287 0)
(0.853747 -0.00623834 0)
(0.854624 -0.00790163 0)
(0.855472 -0.00974605 0)
(0.856249 -0.0117353 0)
(0.856938 -0.0138924 0)
(0.857515 -0.0162492 0)
(0.857942 -0.0188286 0)
(0.858176 -0.0216442 0)
(0.858171 -0.0246998 0)
(0.857884 -0.0279829 0)
(0.85727 -0.0314597 0)
(0.856292 -0.035077 0)
(0.854927 -0.0387697 0)
(0.853167 -0.0424653 0)
(0.851022 -0.0460909 0)
(0.848517 -0.0495783 0)
(0.845685 -0.0528676 0)
(0.842568 -0.055909 0)
(0.839212 -0.0586636 0)
(0.835661 -0.0611033 0)
(0.83196 -0.0632105 0)
(0.82815 -0.0649767 0)
(0.824272 -0.0664017 0)
(0.820359 -0.0674919 0)
(0.816442 -0.0682595 0)
(0.812547 -0.0687204 0)
(0.808697 -0.0688938 0)
(0.804907 -0.0688008 0)
(0.801194 -0.0684639 0)
(0.797566 -0.0679062 0)
(0.794032 -0.0671511 0)
(0.790596 -0.0662214 0)
(0.787262 -0.0651394 0)
(0.784029 -0.0639261 0)
(0.780897 -0.0626016 0)
(0.777865 -0.0611844 0)
(0.774928 -0.0596919 0)
(0.772083 -0.0581401 0)
(0.769326 -0.0565435 0)
(0.766653 -0.0549155 0)
(0.764058 -0.0532683 0)
(0.761537 -0.0516129 0)
(0.759084 -0.0499588 0)
(0.756695 -0.0483148 0)
(0.754364 -0.0466881 0)
(0.752087 -0.045085 0)
(0.749859 -0.0435109 0)
(0.747676 -0.0419702 0)
(0.745534 -0.0404664 0)
(0.743431 -0.0390024 0)
(0.741363 -0.0375803 0)
(0.739327 -0.0362018 0)
(0.737322 -0.0348681 0)
(0.735346 -0.0335799 0)
(0.733396 -0.0323374 0)
(0.731472 -0.0311408 0)
(0.729573 -0.0299897 0)
(0.727698 -0.0288837 0)
(0.725846 -0.0278221 0)
(0.724018 -0.026804 0)
(0.722212 -0.0258285 0)
(0.720428 -0.0248945 0)
(0.718667 -0.0240009 0)
(0.716929 -0.0231465 0)
(0.715214 -0.0223299 0)
(0.713521 -0.0215498 0)
(0.711852 -0.0208051 0)
(0.710206 -0.0200943 0)
(0.708583 -0.0194161 0)
(0.706984 -0.0187693 0)
(0.705409 -0.0181525 0)
(0.703859 -0.0175646 0)
(0.702333 -0.0170042 0)
(0.700831 -0.0164702 0)
(0.699354 -0.0159615 0)
(0.697902 -0.0154768 0)
(0.696474 -0.0150151 0)
(0.695072 -0.0145754 0)
(0.693695 -0.0141567 0)
(0.692343 -0.013758 0)
(0.691016 -0.0133783 0)
(0.689714 -0.0130167 0)
(0.688437 -0.0126725 0)
(0.687185 -0.0123448 0)
(0.685958 -0.0120328 0)
(0.684755 -0.0117357 0)
(0.683577 -0.011453 0)
(0.682424 -0.0111838 0)
(0.681294 -0.0109276 0)
(0.680189 -0.0106837 0)
(0.679107 -0.0104516 0)
(0.678048 -0.0102307 0)
(0.677013 -0.0100206 0)
(0.676001 -0.0098207 0)
(0.675011 -0.00963058 0)
(0.674044 -0.00944982 0)
(0.673098 -0.009278 0)
(0.672175 -0.00911477 0)
(0.671273 -0.00895975 0)
(0.670391 -0.00881263 0)
(0.669531 -0.00867309 0)
(0.668691 -0.00854085 0)
(0.667871 -0.00841561 0)
(0.667071 -0.00829712 0)
(0.666291 -0.0081851 0)
(0.665529 -0.00807928 0)
(0.664786 -0.00797936 0)
(0.664062 -0.00788501 0)
(0.663356 -0.00779581 0)
(0.662668 -0.00771125 0)
(0.661998 -0.00763063 0)
(0.661345 -0.00755301 0)
(0.660711 -0.00747708 0)
(0.660095 -0.00740102 0)
(0.659498 -0.00732228 0)
(0.658923 -0.00723726 0)
(0.658361 -0.00714199 0)
(0.65772 -0.00704346 0)
(0.90259 -0.0043341 0)
(0.903275 -0.00523033 0)
(0.903987 -0.00630899 0)
(0.9047 -0.00761343 0)
(0.905358 -0.00915791 0)
(0.905926 -0.0109405 0)
(0.906387 -0.0129647 0)
(0.906722 -0.0152355 0)
(0.906906 -0.0177518 0)
(0.906904 -0.0205032 0)
(0.90668 -0.0234707 0)
(0.906197 -0.0266264 0)
(0.905415 -0.0299312 0)
(0.904304 -0.0333362 0)
(0.902841 -0.0367845 0)
(0.901015 -0.0402156 0)
(0.898828 -0.0435688 0)
(0.896296 -0.0467875 0)
(0.893445 -0.0498217 0)
(0.890305 -0.0526296 0)
(0.886913 -0.0551784 0)
(0.883308 -0.0574444 0)
(0.879529 -0.0594119 0)
(0.875616 -0.0610728 0)
(0.871606 -0.0624258 0)
(0.867533 -0.0634753 0)
(0.863429 -0.0642303 0)
(0.859323 -0.0647037 0)
(0.855238 -0.0649112 0)
(0.851196 -0.0648706 0)
(0.847213 -0.0646011 0)
(0.843304 -0.0641228 0)
(0.83948 -0.063456 0)
(0.83575 -0.062621 0)
(0.832118 -0.0616377 0)
(0.828589 -0.0605252 0)
(0.825164 -0.0593018 0)
(0.821844 -0.0579848 0)
(0.818628 -0.0565904 0)
(0.815514 -0.0551335 0)
(0.812499 -0.0536281 0)
(0.809579 -0.0520871 0)
(0.80675 -0.0505221 0)
(0.804007 -0.0489438 0)
(0.801347 -0.0473617 0)
(0.798762 -0.0457843 0)
(0.796249 -0.044219 0)
(0.793801 -0.0426723 0)
(0.791414 -0.0411497 0)
(0.789083 -0.0396559 0)
(0.786803 -0.0381947 0)
(0.78457 -0.0367695 0)
(0.782378 -0.0353828 0)
(0.780225 -0.0340365 0)
(0.778107 -0.0327323 0)
(0.776021 -0.0314711 0)
(0.773963 -0.0302538 0)
(0.771932 -0.0290807 0)
(0.769925 -0.0279517 0)
(0.767939 -0.0268668 0)
(0.765975 -0.0258254 0)
(0.764029 -0.0248271 0)
(0.762101 -0.023871 0)
(0.76019 -0.0229563 0)
(0.758296 -0.0220819 0)
(0.756417 -0.0212468 0)
(0.754554 -0.0204499 0)
(0.752707 -0.0196898 0)
(0.750875 -0.0189654 0)
(0.749058 -0.0182755 0)
(0.747258 -0.0176186 0)
(0.745473 -0.0169936 0)
(0.743705 -0.0163992 0)
(0.741954 -0.0158341 0)
(0.74022 -0.015297 0)
(0.738503 -0.0147867 0)
(0.736805 -0.0143021 0)
(0.735126 -0.013842 0)
(0.733465 -0.0134052 0)
(0.731825 -0.0129907 0)
(0.730204 -0.0125974 0)
(0.728604 -0.0122243 0)
(0.727024 -0.0118704 0)
(0.725466 -0.0115348 0)
(0.723929 -0.0112166 0)
(0.722415 -0.0109149 0)
(0.720922 -0.0106289 0)
(0.719451 -0.0103578 0)
(0.718003 -0.0101009 0)
(0.716578 -0.00985756 0)
(0.715175 -0.00962698 0)
(0.713795 -0.00940859 0)
(0.712438 -0.00920177 0)
(0.711103 -0.00900597 0)
(0.709792 -0.00882065 0)
(0.708503 -0.0086453 0)
(0.707237 -0.00847945 0)
(0.705993 -0.00832267 0)
(0.704771 -0.00817453 0)
(0.703572 -0.00803464 0)
(0.702395 -0.00790265 0)
(0.70124 -0.00777822 0)
(0.700106 -0.00766103 0)
(0.698994 -0.0075508 0)
(0.697903 -0.00744723 0)
(0.696832 -0.00735006 0)
(0.695783 -0.00725904 0)
(0.694754 -0.0071739 0)
(0.693745 -0.00709437 0)
(0.692756 -0.00702015 0)
(0.691788 -0.00695087 0)
(0.690839 -0.0068861 0)
(0.68991 -0.00682528 0)
(0.689002 -0.00676766 0)
(0.688114 -0.00671223 0)
(0.687248 -0.00665761 0)
(0.686406 -0.00660194 0)
(0.685592 -0.0065428 0)
(0.684792 -0.00647802 0)
(0.683876 -0.00640969 0)
(0.938859 -0.00485421 0)
(0.939208 -0.00581577 0)
(0.939551 -0.0069666 0)
(0.939863 -0.00832743 0)
(0.940112 -0.00990281 0)
(0.940272 -0.0116831 0)
(0.94032 -0.0136603 0)
(0.940235 -0.0158301 0)
(0.93999 -0.0181873 0)
(0.939556 -0.0207218 0)
(0.938901 -0.0234182 0)
(0.937993 -0.026255 0)
(0.936802 -0.0292031 0)
(0.935303 -0.0322255 0)
(0.933479 -0.0352785 0)
(0.931324 -0.0383148 0)
(0.92884 -0.0412856 0)
(0.92604 -0.0441448 0)
(0.922944 -0.0468504 0)
(0.91958 -0.0493665 0)
(0.915979 -0.0516638 0)
(0.912175 -0.0537199 0)
(0.908201 -0.055519 0)
(0.904094 -0.0570515 0)
(0.899888 -0.0583134 0)
(0.895615 -0.0593061 0)
(0.891305 -0.0600352 0)
(0.886984 -0.0605099 0)
(0.882678 -0.0607423 0)
(0.878408 -0.0607469 0)
(0.874191 -0.0605394 0)
(0.870042 -0.0601369 0)
(0.865975 -0.0595569 0)
(0.861999 -0.058817 0)
(0.858122 -0.0579348 0)
(0.854349 -0.0569274 0)
(0.850684 -0.0558114 0)
(0.847129 -0.0546025 0)
(0.843686 -0.0533156 0)
(0.840354 -0.0519648 0)
(0.837132 -0.0505631 0)
(0.834017 -0.0491225 0)
(0.831007 -0.0476541 0)
(0.828098 -0.0461682 0)
(0.825286 -0.0446738 0)
(0.822568 -0.0431791 0)
(0.819938 -0.0416915 0)
(0.817392 -0.0402173 0)
(0.814925 -0.038762 0)
(0.812532 -0.0373304 0)
(0.810209 -0.0359267 0)
(0.80795 -0.034554 0)
(0.805751 -0.0332154 0)
(0.803608 -0.0319129 0)
(0.801516 -0.0306484 0)
(0.799472 -0.0294233 0)
(0.797471 -0.0282385 0)
(0.79551 -0.0270946 0)
(0.793586 -0.025992 0)
(0.791694 -0.0249308 0)
(0.789833 -0.0239108 0)
(0.787999 -0.0229317 0)
(0.786191 -0.0219931 0)
(0.784404 -0.0210942 0)
(0.782639 -0.0202343 0)
(0.780892 -0.0194126 0)
(0.779161 -0.0186282 0)
(0.777447 -0.01788 0)
(0.775746 -0.0171669 0)
(0.774058 -0.016488 0)
(0.772382 -0.0158419 0)
(0.770718 -0.0152278 0)
(0.769064 -0.0146442 0)
(0.76742 -0.0140902 0)
(0.765785 -0.0135646 0)
(0.764161 -0.0130662 0)
(0.762545 -0.0125938 0)
(0.760939 -0.0121465 0)
(0.759342 -0.011723 0)
(0.757755 -0.0113224 0)
(0.756177 -0.0109436 0)
(0.754609 -0.0105855 0)
(0.753052 -0.0102473 0)
(0.751505 -0.00992791 0)
(0.74997 -0.00962647 0)
(0.748446 -0.00934209 0)
(0.746934 -0.00907393 0)
(0.745434 -0.00882116 0)
(0.743947 -0.008583 0)
(0.742474 -0.00835872 0)
(0.741014 -0.0081476 0)
(0.739568 -0.00794897 0)
(0.738136 -0.00776218 0)
(0.736719 -0.00758662 0)
(0.735317 -0.00742173 0)
(0.733931 -0.00726694 0)
(0.73256 -0.00712177 0)
(0.731205 -0.00698571 0)
(0.729866 -0.00685832 0)
(0.728543 -0.00673919 0)
(0.727237 -0.00662792 0)
(0.725947 -0.00652415 0)
(0.724674 -0.00642754 0)
(0.723418 -0.00633778 0)
(0.722178 -0.00625458 0)
(0.720956 -0.00617766 0)
(0.71975 -0.00610676 0)
(0.718562 -0.00604163 0)
(0.71739 -0.00598203 0)
(0.716236 -0.0059277 0)
(0.715099 -0.00587835 0)
(0.713979 -0.00583366 0)
(0.712878 -0.00579326 0)
(0.711796 -0.00575665 0)
(0.710733 -0.00572324 0)
(0.709691 -0.00569224 0)
(0.708674 -0.00566264 0)
(0.707685 -0.00563341 0)
(0.706711 -0.00560434 0)
(0.705584 -0.00557353 0)
(0.964123 -0.00504831 0)
(0.964078 -0.00598825 0)
(0.96401 -0.00709448 0)
(0.963897 -0.00837673 0)
(0.963715 -0.00983945 0)
(0.963436 -0.0114811 0)
(0.963039 -0.0132986 0)
(0.9625 -0.0152884 0)
(0.961795 -0.0174449 0)
(0.960899 -0.0197583 0)
(0.959786 -0.0222138 0)
(0.95843 -0.0247909 0)
(0.956808 -0.0274625 0)
(0.954903 -0.0301956 0)
(0.952702 -0.0329523 0)
(0.950201 -0.035692 0)
(0.947403 -0.0383736 0)
(0.944319 -0.0409578 0)
(0.940966 -0.0434088 0)
(0.937367 -0.0456955 0)
(0.933548 -0.0477919 0)
(0.929539 -0.0496775 0)
(0.925369 -0.0513373 0)
(0.92107 -0.0527617 0)
(0.916672 -0.0539457 0)
(0.912205 -0.0548892 0)
(0.907697 -0.0555956 0)
(0.903173 -0.056072 0)
(0.898656 -0.0563279 0)
(0.894167 -0.0563752 0)
(0.889723 -0.056227 0)
(0.885342 -0.0558979 0)
(0.881034 -0.0554028 0)
(0.876813 -0.0547573 0)
(0.872685 -0.0539768 0)
(0.86866 -0.0530765 0)
(0.864741 -0.0520714 0)
(0.860933 -0.0509757 0)
(0.857237 -0.049803 0)
(0.853656 -0.0485664 0)
(0.850189 -0.0472779 0)
(0.846836 -0.0459487 0)
(0.843594 -0.0445893 0)
(0.840463 -0.0432092 0)
(0.837439 -0.0418171 0)
(0.834519 -0.0404209 0)
(0.831699 -0.0390276 0)
(0.828976 -0.0376432 0)
(0.826346 -0.0362734 0)
(0.823804 -0.0349227 0)
(0.821347 -0.0335953 0)
(0.81897 -0.0322945 0)
(0.816669 -0.0310232 0)
(0.814441 -0.0297838 0)
(0.81228 -0.0285782 0)
(0.810183 -0.0274079 0)
(0.808146 -0.0262739 0)
(0.806165 -0.0251771 0)
(0.804238 -0.024118 0)
(0.80236 -0.0230968 0)
(0.800527 -0.0221135 0)
(0.798738 -0.0211681 0)
(0.796989 -0.0202601 0)
(0.795276 -0.0193892 0)
(0.793597 -0.0185547 0)
(0.791951 -0.017756 0)
(0.790333 -0.0169922 0)
(0.788742 -0.0162626 0)
(0.787175 -0.0155663 0)
(0.785631 -0.0149023 0)
(0.784107 -0.0142698 0)
(0.782603 -0.0136676 0)
(0.781115 -0.0130949 0)
(0.779642 -0.0125506 0)
(0.778184 -0.0120338 0)
(0.776739 -0.0115433 0)
(0.775305 -0.0110784 0)
(0.773881 -0.0106378 0)
(0.772467 -0.0102208 0)
(0.771062 -0.00982634 0)
(0.769665 -0.00945349 0)
(0.768276 -0.00910136 0)
(0.766893 -0.00876905 0)
(0.765516 -0.00845569 0)
(0.764146 -0.00816044 0)
(0.762782 -0.00788248 0)
(0.761423 -0.007621 0)
(0.76007 -0.00737525 0)
(0.758722 -0.00714446 0)
(0.75738 -0.00692793 0)
(0.756043 -0.00672496 0)
(0.754712 -0.00653489 0)
(0.753387 -0.00635709 0)
(0.752067 -0.00619095 0)
(0.750754 -0.00603588 0)
(0.749447 -0.00589134 0)
(0.748147 -0.0057568 0)
(0.746854 -0.00563175 0)
(0.745567 -0.00551574 0)
(0.744289 -0.00540832 0)
(0.743017 -0.00530909 0)
(0.741754 -0.00521767 0)
(0.740499 -0.00513369 0)
(0.739253 -0.00505683 0)
(0.738015 -0.00498678 0)
(0.736786 -0.00492325 0)
(0.735567 -0.00486599 0)
(0.734357 -0.00481476 0)
(0.733158 -0.00476932 0)
(0.731968 -0.00472949 0)
(0.73079 -0.00469506 0)
(0.729623 -0.00466584 0)
(0.728468 -0.00464164 0)
(0.727327 -0.00462228 0)
(0.7262 -0.0046076 0)
(0.725089 -0.00459743 0)
(0.723997 -0.00459171 0)
(0.72293 -0.00459076 0)
(0.721875 -0.00459623 0)
(0.720639 -0.00460372 0)
(0.979162 -0.0047719 0)
(0.978769 -0.00570156 0)
(0.978351 -0.00677704 0)
(0.977883 -0.00800562 0)
(0.977344 -0.0093914 0)
(0.976709 -0.0109343 0)
(0.975955 -0.0126314 0)
(0.97506 -0.0144776 0)
(0.974002 -0.0164659 0)
(0.972758 -0.0185857 0)
(0.971306 -0.0208228 0)
(0.969623 -0.0231579 0)
(0.967692 -0.0255671 0)
(0.965498 -0.0280224 0)
(0.963033 -0.0304922 0)
(0.960293 -0.0329434 0)
(0.95728 -0.0353425 0)
(0.954004 -0.037657 0)
(0.950479 -0.039857 0)
(0.946724 -0.0419156 0)
(0.94276 -0.0438102 0)
(0.938614 -0.0455223 0)
(0.934312 -0.0470379 0)
(0.929882 -0.0483473 0)
(0.92535 -0.0494452 0)
(0.920744 -0.05033 0)
(0.916088 -0.0510037 0)
(0.911408 -0.0514711 0)
(0.906723 -0.0517398 0)
(0.902056 -0.051819 0)
(0.897423 -0.0517198 0)
(0.89284 -0.0514542 0)
(0.888321 -0.0510352 0)
(0.883879 -0.050476 0)
(0.879522 -0.0497902 0)
(0.875259 -0.0489915 0)
(0.871096 -0.0480929 0)
(0.867039 -0.0471075 0)
(0.863091 -0.0460476 0)
(0.859256 -0.044925 0)
(0.855533 -0.0437509 0)
(0.851924 -0.0425357 0)
(0.848429 -0.041289 0)
(0.845046 -0.0400198 0)
(0.841775 -0.0387363 0)
(0.838613 -0.0374458 0)
(0.835557 -0.036155 0)
(0.832605 -0.0348699 0)
(0.829753 -0.0335956 0)
(0.826999 -0.0323367 0)
(0.824338 -0.0310972 0)
(0.821767 -0.0298805 0)
(0.819283 -0.0286895 0)
(0.816882 -0.0275264 0)
(0.81456 -0.0263934 0)
(0.812314 -0.0252919 0)
(0.81014 -0.0242232 0)
(0.808035 -0.0231881 0)
(0.805995 -0.0221872 0)
(0.804017 -0.0212209 0)
(0.802098 -0.0202894 0)
(0.800234 -0.0193925 0)
(0.798423 -0.0185301 0)
(0.796662 -0.0177018 0)
(0.794947 -0.0169072 0)
(0.793277 -0.0161457 0)
(0.791648 -0.0154166 0)
(0.790058 -0.0147192 0)
(0.788505 -0.0140527 0)
(0.786986 -0.0134163 0)
(0.785499 -0.0128092 0)
(0.784042 -0.0122305 0)
(0.782613 -0.0116792 0)
(0.78121 -0.0111546 0)
(0.77983 -0.0106556 0)
(0.778473 -0.0101814 0)
(0.777136 -0.00973114 0)
(0.775819 -0.00930391 0)
(0.774518 -0.00889885 0)
(0.773234 -0.00851512 0)
(0.771964 -0.0081519 0)
(0.770707 -0.00780835 0)
(0.769463 -0.0074837 0)
(0.768229 -0.00717716 0)
(0.767006 -0.00688799 0)
(0.765792 -0.00661545 0)
(0.764586 -0.00635883 0)
(0.763387 -0.00611745 0)
(0.762195 -0.00589063 0)
(0.761009 -0.00567774 0)
(0.759829 -0.00547815 0)
(0.758653 -0.00529127 0)
(0.757482 -0.00511654 0)
(0.756314 -0.0049534 0)
(0.755151 -0.00480131 0)
(0.753991 -0.00465978 0)
(0.752834 -0.00452831 0)
(0.75168 -0.00440645 0)
(0.750529 -0.00429377 0)
(0.74938 -0.00418985 0)
(0.748235 -0.00409432 0)
(0.747092 -0.00400682 0)
(0.745952 -0.00392701 0)
(0.744814 -0.0038546 0)
(0.74368 -0.00378929 0)
(0.742548 -0.00373081 0)
(0.74142 -0.00367894 0)
(0.740295 -0.00363348 0)
(0.739174 -0.00359424 0)
(0.738057 -0.00356111 0)
(0.736944 -0.00353399 0)
(0.735837 -0.00351282 0)
(0.734735 -0.00349765 0)
(0.73364 -0.00348856 0)
(0.732554 -0.00348581 0)
(0.731477 -0.00348984 0)
(0.730413 -0.00350137 0)
(0.729366 -0.00352188 0)
(0.728324 -0.00355438 0)
(0.727088 -0.00359297 0)
(0.985586 -0.00427054 0)
(0.985 -0.00517781 0)
(0.984377 -0.00621088 0)
(0.983697 -0.00737526 0)
(0.982938 -0.00867397 0)
(0.982079 -0.0101071 0)
(0.981098 -0.0116721 0)
(0.979974 -0.0133644 0)
(0.978685 -0.015177 0)
(0.977212 -0.0171003 0)
(0.975535 -0.0191208 0)
(0.973635 -0.0212217 0)
(0.971498 -0.0233823 0)
(0.969111 -0.0255788 0)
(0.966468 -0.027785 0)
(0.963564 -0.0299734 0)
(0.960404 -0.0321159 0)
(0.956993 -0.034185 0)
(0.953345 -0.036155 0)
(0.949474 -0.0380027 0)
(0.945401 -0.0397081 0)
(0.941147 -0.0412546 0)
(0.936735 -0.0426295 0)
(0.932191 -0.0438235 0)
(0.927538 -0.0448312 0)
(0.922801 -0.0456504 0)
(0.918004 -0.0462819 0)
(0.913169 -0.0467292 0)
(0.908318 -0.0469981 0)
(0.90347 -0.0470962 0)
(0.898643 -0.0470325 0)
(0.893854 -0.0468173 0)
(0.889115 -0.0464616 0)
(0.884441 -0.045977 0)
(0.879843 -0.0453753 0)
(0.875328 -0.0446684 0)
(0.870906 -0.0438682 0)
(0.866582 -0.0429863 0)
(0.862362 -0.0420337 0)
(0.858249 -0.0410212 0)
(0.854246 -0.0399589 0)
(0.850356 -0.0388563 0)
(0.846579 -0.0377223 0)
(0.842915 -0.0365652 0)
(0.839363 -0.0353925 0)
(0.835924 -0.0342111 0)
(0.832595 -0.0330272 0)
(0.829374 -0.0318465 0)
(0.826259 -0.0306738 0)
(0.823247 -0.0295136 0)
(0.820336 -0.0283695 0)
(0.817522 -0.027245 0)
(0.814803 -0.0261429 0)
(0.812176 -0.0250653 0)
(0.809636 -0.0240144 0)
(0.807181 -0.0229916 0)
(0.804808 -0.0219982 0)
(0.802513 -0.0210352 0)
(0.800293 -0.0201031 0)
(0.798145 -0.0192025 0)
(0.796066 -0.0183335 0)
(0.794052 -0.0174962 0)
(0.792102 -0.0166904 0)
(0.790211 -0.015916 0)
(0.788378 -0.0151724 0)
(0.786599 -0.0144592 0)
(0.784872 -0.0137759 0)
(0.783193 -0.0131219 0)
(0.781562 -0.0124963 0)
(0.779975 -0.0118985 0)
(0.778429 -0.0113277 0)
(0.776924 -0.0107832 0)
(0.775456 -0.010264 0)
(0.774023 -0.00976942 0)
(0.772624 -0.00929861 0)
(0.771256 -0.00885074 0)
(0.769917 -0.008425 0)
(0.768607 -0.0080206 0)
(0.767322 -0.00763675 0)
(0.766062 -0.00727267 0)
(0.764825 -0.0069276 0)
(0.763609 -0.00660079 0)
(0.762413 -0.00629152 0)
(0.761235 -0.00599908 0)
(0.760075 -0.00572279 0)
(0.75893 -0.00546199 0)
(0.7578 -0.00521601 0)
(0.756683 -0.00498424 0)
(0.755579 -0.00476607 0)
(0.754486 -0.00456092 0)
(0.753404 -0.00436824 0)
(0.752331 -0.0041875 0)
(0.751267 -0.00401821 0)
(0.75021 -0.00385986 0)
(0.749161 -0.00371197 0)
(0.748118 -0.0035741 0)
(0.74708 -0.00344581 0)
(0.746048 -0.0033267 0)
(0.74502 -0.0032164 0)
(0.743996 -0.00311455 0)
(0.742976 -0.00302082 0)
(0.741959 -0.00293492 0)
(0.740945 -0.00285656 0)
(0.739933 -0.00278548 0)
(0.738923 -0.00272144 0)
(0.737916 -0.00266424 0)
(0.73691 -0.00261369 0)
(0.735906 -0.00256965 0)
(0.734904 -0.00253204 0)
(0.733903 -0.00250082 0)
(0.732905 -0.00247601 0)
(0.731909 -0.00245772 0)
(0.730915 -0.00244617 0)
(0.729925 -0.00244174 0)
(0.728939 -0.00244502 0)
(0.727958 -0.00245691 0)
(0.726985 -0.00247875 0)
(0.726023 -0.00251271 0)
(0.72506 -0.00256236 0)
(0.723904 -0.00262076 0)
(0.985148 -0.00361918 0)
(0.984447 -0.00449423 0)
(0.983693 -0.00547592 0)
(0.982869 -0.00656869 0)
(0.981953 -0.00777495 0)
(0.980927 -0.00909483 0)
(0.97977 -0.0105262 0)
(0.978462 -0.0120647 0)
(0.976984 -0.0137038 0)
(0.975318 -0.0154344 0)
(0.973446 -0.0172446 0)
(0.971352 -0.0191194 0)
(0.969024 -0.0210413 0)
(0.966452 -0.0229902 0)
(0.963629 -0.0249441 0)
(0.960552 -0.0268799 0)
(0.957225 -0.028774 0)
(0.953653 -0.0306033 0)
(0.949846 -0.0323461 0)
(0.94582 -0.0339826 0)
(0.941591 -0.0354956 0)
(0.937178 -0.0368707 0)
(0.932603 -0.0380965 0)
(0.927889 -0.0391647 0)
(0.923057 -0.0400703 0)
(0.918131 -0.0408106 0)
(0.913134 -0.0413858 0)
(0.908087 -0.0417985 0)
(0.903011 -0.042053 0)
(0.897926 -0.0421554 0)
(0.89285 -0.0421134 0)
(0.8878 -0.0419354 0)
(0.882791 -0.0416309 0)
(0.877836 -0.0412098 0)
(0.872947 -0.0406824 0)
(0.868135 -0.040059 0)
(0.863409 -0.0393501 0)
(0.858776 -0.0385659 0)
(0.854243 -0.0377162 0)
(0.849815 -0.0368107 0)
(0.845496 -0.0358584 0)
(0.841288 -0.0348678 0)
(0.837194 -0.033847 0)
(0.833216 -0.0328036 0)
(0.829353 -0.0317443 0)
(0.825606 -0.0306756 0)
(0.821974 -0.0296031 0)
(0.818456 -0.028532 0)
(0.81505 -0.0274669 0)
(0.811754 -0.0264118 0)
(0.808566 -0.0253704 0)
(0.805483 -0.0243457 0)
(0.802503 -0.0233404 0)
(0.799623 -0.0223568 0)
(0.796839 -0.0213966 0)
(0.794149 -0.0204615 0)
(0.79155 -0.0195526 0)
(0.789038 -0.0186709 0)
(0.786611 -0.017817 0)
(0.784264 -0.0169915 0)
(0.781996 -0.0161946 0)
(0.779803 -0.0154264 0)
(0.777682 -0.0146868 0)
(0.77563 -0.0139756 0)
(0.773645 -0.0132925 0)
(0.771722 -0.0126371 0)
(0.769861 -0.0120089 0)
(0.768057 -0.0114074 0)
(0.766309 -0.0108318 0)
(0.764613 -0.0102817 0)
(0.762968 -0.00975622 0)
(0.76137 -0.0092547 0)
(0.759819 -0.00877639 0)
(0.758311 -0.00832056 0)
(0.756844 -0.00788644 0)
(0.755417 -0.00747331 0)
(0.754026 -0.00708043 0)
(0.752672 -0.00670705 0)
(0.751351 -0.00635248 0)
(0.750061 -0.00601601 0)
(0.748802 -0.00569693 0)
(0.747571 -0.00539456 0)
(0.746367 -0.00510824 0)
(0.745189 -0.00483731 0)
(0.744035 -0.00458115 0)
(0.742903 -0.00433917 0)
(0.741793 -0.00411076 0)
(0.740702 -0.00389534 0)
(0.739631 -0.00369234 0)
(0.738577 -0.00350124 0)
(0.737539 -0.00332155 0)
(0.736517 -0.0031528 0)
(0.73551 -0.00299454 0)
(0.734515 -0.00284632 0)
(0.733534 -0.0027077 0)
(0.732564 -0.00257827 0)
(0.731604 -0.00245762 0)
(0.730655 -0.00234542 0)
(0.729715 -0.00224133 0)
(0.728783 -0.00214505 0)
(0.727858 -0.00205628 0)
(0.726941 -0.00197479 0)
(0.72603 -0.00190035 0)
(0.725125 -0.00183274 0)
(0.724226 -0.00177177 0)
(0.723331 -0.00171727 0)
(0.722441 -0.00166912 0)
(0.721554 -0.00162724 0)
(0.720671 -0.00159163 0)
(0.719792 -0.00156233 0)
(0.718916 -0.00153947 0)
(0.718043 -0.00152329 0)
(0.717173 -0.00151417 0)
(0.716306 -0.0015127 0)
(0.715444 -0.0015197 0)
(0.714585 -0.00153639 0)
(0.713732 -0.00156447 0)
(0.712886 -0.00160641 0)
(0.712036 -0.00166552 0)
(0.711008 -0.00173427 0)
(0.976401 -0.00290262 0)
(0.975646 -0.00372335 0)
(0.974815 -0.00463306 0)
(0.973892 -0.00563532 0)
(0.972858 -0.00673202 0)
(0.971695 -0.00792313 0)
(0.970385 -0.00920669 0)
(0.96891 -0.0105788 0)
(0.967251 -0.0120334 0)
(0.965394 -0.0135624 0)
(0.963322 -0.0151555 0)
(0.961022 -0.0168 0)
(0.958484 -0.0184811 0)
(0.955698 -0.0201818 0)
(0.952661 -0.0218839 0)
(0.94937 -0.0235681 0)
(0.945828 -0.0252149 0)
(0.942042 -0.0268051 0)
(0.938021 -0.0283204 0)
(0.933779 -0.0297443 0)
(0.929332 -0.0310622 0)
(0.924697 -0.0322618 0)
(0.919895 -0.0333334 0)
(0.914947 -0.0342695 0)
(0.909875 -0.0350654 0)
(0.904701 -0.0357185 0)
(0.899448 -0.0362286 0)
(0.894136 -0.0365973 0)
(0.888788 -0.036828 0)
(0.883421 -0.0369258 0)
(0.878056 -0.0368967 0)
(0.87271 -0.036748 0)
(0.867398 -0.0364874 0)
(0.862134 -0.0361234 0)
(0.856932 -0.0356649 0)
(0.851804 -0.0351207 0)
(0.846758 -0.0344999 0)
(0.841805 -0.0338113 0)
(0.836951 -0.0330636 0)
(0.832203 -0.0322652 0)
(0.827565 -0.0314239 0)
(0.823042 -0.0305476 0)
(0.818636 -0.0296432 0)
(0.81435 -0.0287174 0)
(0.810185 -0.0277764 0)
(0.806141 -0.0268259 0)
(0.802219 -0.025871 0)
(0.798418 -0.0249164 0)
(0.794737 -0.0239663 0)
(0.791173 -0.0230242 0)
(0.787726 -0.0220937 0)
(0.784393 -0.0211773 0)
(0.781171 -0.0202777 0)
(0.778058 -0.0193969 0)
(0.77505 -0.0185366 0)
(0.772146 -0.0176984 0)
(0.769341 -0.0168832 0)
(0.766633 -0.0160921 0)
(0.764018 -0.0153258 0)
(0.761494 -0.0145846 0)
(0.759057 -0.0138689 0)
(0.756703 -0.0131788 0)
(0.754431 -0.0125142 0)
(0.752236 -0.0118751 0)
(0.750115 -0.0112612 0)
(0.748066 -0.0106721 0)
(0.746086 -0.0101074 0)
(0.744172 -0.00956668 0)
(0.742321 -0.00904932 0)
(0.74053 -0.00855477 0)
(0.738797 -0.0080824 0)
(0.737119 -0.00763157 0)
(0.735494 -0.00720164 0)
(0.73392 -0.00679193 0)
(0.732394 -0.00640178 0)
(0.730913 -0.00603053 0)
(0.729477 -0.00567752 0)
(0.728082 -0.0053421 0)
(0.726727 -0.00502364 0)
(0.725411 -0.00472152 0)
(0.72413 -0.0044351 0)
(0.722885 -0.00416374 0)
(0.721672 -0.00390685 0)
(0.72049 -0.00366383 0)
(0.719338 -0.00343416 0)
(0.718215 -0.00321729 0)
(0.717118 -0.00301268 0)
(0.716047 -0.00281977 0)
(0.715001 -0.00263803 0)
(0.713978 -0.00246699 0)
(0.712976 -0.0023062 0)
(0.711996 -0.00215526 0)
(0.711035 -0.00201381 0)
(0.710092 -0.00188142 0)
(0.709168 -0.00175765 0)
(0.70826 -0.00164211 0)
(0.707368 -0.00153446 0)
(0.70649 -0.00143439 0)
(0.705626 -0.00134161 0)
(0.704776 -0.00125583 0)
(0.703937 -0.0011768 0)
(0.70311 -0.00110432 0)
(0.702294 -0.00103821 0)
(0.701488 -0.000978323 0)
(0.700691 -0.000924445 0)
(0.699903 -0.000876457 0)
(0.699123 -0.000834291 0)
(0.698351 -0.000797929 0)
(0.697585 -0.000767412 0)
(0.696826 -0.000742851 0)
(0.696074 -0.000724448 0)
(0.695327 -0.000712522 0)
(0.694586 -0.000707552 0)
(0.69385 -0.000710233 0)
(0.693119 -0.000721538 0)
(0.692393 -0.000742829 0)
(0.691673 -0.000775981 0)
(0.690959 -0.000823606 0)
(0.690241 -0.00088866 0)
(0.689372 -0.000963436 0)
(0.955293 -0.00215589 0)
(0.95459 -0.00289714 0)
(0.953782 -0.00371158 0)
(0.952854 -0.00460162 0)
(0.951789 -0.00556849 0)
(0.950572 -0.00661201 0)
(0.949185 -0.00773049 0)
(0.947613 -0.00892061 0)
(0.94584 -0.0101772 0)
(0.943852 -0.0114935 0)
(0.941636 -0.0128606 0)
(0.93918 -0.0142679 0)
(0.936476 -0.0157031 0)
(0.933518 -0.0171522 0)
(0.930302 -0.0186002 0)
(0.926828 -0.0200313 0)
(0.9231 -0.0214296 0)
(0.919124 -0.0227794 0)
(0.914911 -0.0240658 0)
(0.910474 -0.0252751 0)
(0.905828 -0.0263953 0)
(0.90099 -0.027416 0)
(0.895981 -0.028329 0)
(0.890822 -0.0291278 0)
(0.885532 -0.0298082 0)
(0.880136 -0.0303678 0)
(0.874654 -0.0308061 0)
(0.869108 -0.0311243 0)
(0.86352 -0.0313249 0)
(0.857909 -0.0314119 0)
(0.852294 -0.0313902 0)
(0.846694 -0.0312657 0)
(0.841124 -0.0310449 0)
(0.835601 -0.0307349 0)
(0.830137 -0.0303429 0)
(0.824746 -0.0298766 0)
(0.819437 -0.0293435 0)
(0.814221 -0.0287511 0)
(0.809106 -0.0281068 0)
(0.804099 -0.0274179 0)
(0.799205 -0.0266911 0)
(0.79443 -0.0259331 0)
(0.789777 -0.0251499 0)
(0.785249 -0.0243474 0)
(0.780848 -0.023531 0)
(0.776575 -0.0227055 0)
(0.77243 -0.0218755 0)
(0.768412 -0.0210452 0)
(0.764522 -0.020218 0)
(0.760758 -0.0193975 0)
(0.757119 -0.0185864 0)
(0.753601 -0.0177872 0)
(0.750203 -0.0170023 0)
(0.746923 -0.0162334 0)
(0.743757 -0.0154821 0)
(0.740702 -0.0147498 0)
(0.737756 -0.0140375 0)
(0.734915 -0.013346 0)
(0.732176 -0.012676 0)
(0.729535 -0.0120279 0)
(0.72699 -0.0114021 0)
(0.724537 -0.0107986 0)
(0.722172 -0.0102175 0)
(0.719894 -0.00965867 0)
(0.717697 -0.0091219 0)
(0.71558 -0.00860694 0)
(0.713539 -0.00811342 0)
(0.711571 -0.00764093 0)
(0.709673 -0.00718901 0)
(0.707842 -0.00675716 0)
(0.706076 -0.00634482 0)
(0.704372 -0.00595145 0)
(0.702728 -0.00557648 0)
(0.70114 -0.00521933 0)
(0.699606 -0.00487942 0)
(0.698125 -0.00455618 0)
(0.696693 -0.00424905 0)
(0.695308 -0.00395745 0)
(0.69397 -0.00368086 0)
(0.692674 -0.00341876 0)
(0.691421 -0.00317057 0)
(0.690207 -0.00293572 0)
(0.689032 -0.00271364 0)
(0.687892 -0.00250384 0)
(0.686788 -0.00230588 0)
(0.685717 -0.00211932 0)
(0.684677 -0.00194365 0)
(0.683668 -0.00177831 0)
(0.682688 -0.00162281 0)
(0.681735 -0.00147673 0)
(0.680809 -0.00133966 0)
(0.679907 -0.00121127 0)
(0.679029 -0.00109134 0)
(0.678174 -0.000979453 0)
(0.67734 -0.000875113 0)
(0.676527 -0.000778002 0)
(0.675732 -0.000687835 0)
(0.674956 -0.000604342 0)
(0.674197 -0.000527263 0)
(0.673454 -0.000456354 0)
(0.672728 -0.000391386 0)
(0.672016 -0.000332127 0)
(0.671318 -0.000278316 0)
(0.670632 -0.000229793 0)
(0.669959 -0.000186555 0)
(0.669297 -0.000148594 0)
(0.668646 -0.0001159 0)
(0.668005 -8.84987e-05 0)
(0.667375 -6.64586e-05 0)
(0.666754 -4.99215e-05 0)
(0.666143 -3.91243e-05 0)
(0.665541 -3.44236e-05 0)
(0.664947 -3.63349e-05 0)
(0.66436 -4.55845e-05 0)
(0.663781 -6.31616e-05 0)
(0.663209 -9.03892e-05 0)
(0.662643 -0.000129021 0)
(0.662084 -0.000181477 0)
(0.66152 -0.000251003 0)
(0.660837 -0.000330904 0)
(0.922053 -0.0016206 0)
(0.921255 -0.00224234 0)
(0.920351 -0.00292404 0)
(0.919324 -0.00366747 0)
(0.918155 -0.00447289 0)
(0.916829 -0.00533945 0)
(0.915328 -0.00626559 0)
(0.913635 -0.00724862 0)
(0.911737 -0.00828446 0)
(0.909618 -0.00936764 0)
(0.907268 -0.0104912 0)
(0.904674 -0.0116464 0)
(0.901831 -0.0128234 0)
(0.898731 -0.0140108 0)
(0.895373 -0.0151966 0)
(0.891757 -0.0163681 0)
(0.887887 -0.0175125 0)
(0.883769 -0.0186173 0)
(0.879414 -0.0196704 0)
(0.874835 -0.0206609 0)
(0.870046 -0.021579 0)
(0.865065 -0.0224161 0)
(0.859911 -0.0231654 0)
(0.854603 -0.0238216 0)
(0.849164 -0.0243811 0)
(0.843615 -0.0248416 0)
(0.837978 -0.0252027 0)
(0.832274 -0.0254649 0)
(0.826524 -0.0256303 0)
(0.820748 -0.0257018 0)
(0.814966 -0.0256833 0)
(0.809197 -0.0255796 0)
(0.803456 -0.0253957 0)
(0.79776 -0.0251375 0)
(0.792124 -0.0248107 0)
(0.786559 -0.0244215 0)
(0.781078 -0.0239763 0)
(0.775691 -0.023481 0)
(0.770407 -0.0229419 0)
(0.765234 -0.0223649 0)
(0.760178 -0.0217556 0)
(0.755243 -0.0211196 0)
(0.750436 -0.020462 0)
(0.745758 -0.0197877 0)
(0.741213 -0.0191011 0)
(0.736801 -0.0184065 0)
(0.732525 -0.0177077 0)
(0.728382 -0.0170081 0)
(0.724374 -0.0163109 0)
(0.7205 -0.0156189 0)
(0.716757 -0.0149346 0)
(0.713144 -0.0142602 0)
(0.709659 -0.0135975 0)
(0.706299 -0.0129483 0)
(0.703061 -0.0123138 0)
(0.699943 -0.0116953 0)
(0.696942 -0.0110936 0)
(0.694054 -0.0105096 0)
(0.691275 -0.00994378 0)
(0.688604 -0.00939658 0)
(0.686035 -0.00886826 0)
(0.683567 -0.00835899 0)
(0.681195 -0.00786879 0)
(0.678916 -0.0073976 0)
(0.676727 -0.00694527 0)
(0.674624 -0.00651159 0)
(0.672605 -0.00609626 0)
(0.670666 -0.00569895 0)
(0.668804 -0.00531926 0)
(0.667016 -0.00495676 0)
(0.6653 -0.00461098 0)
(0.663651 -0.00428146 0)
(0.662068 -0.00396771 0)
(0.660548 -0.00366924 0)
(0.659088 -0.00338557 0)
(0.657686 -0.0031162 0)
(0.656339 -0.00286062 0)
(0.655045 -0.00261838 0)
(0.653802 -0.00238909 0)
(0.652607 -0.00217235 0)
(0.651459 -0.00196767 0)
(0.650356 -0.00177443 0)
(0.649295 -0.00159213 0)
(0.648275 -0.00142031 0)
(0.647293 -0.00125867 0)
(0.646349 -0.00110697 0)
(0.64544 -0.00096472 0)
(0.644564 -0.000831304 0)
(0.643721 -0.000706309 0)
(0.642908 -0.000589337 0)
(0.642123 -0.000479971 0)
(0.641367 -0.000377707 0)
(0.640635 -0.000281965 0)
(0.639925 -0.000192536 0)
(0.639238 -0.000109493 0)
(0.638571 -3.26996e-05 0)
(0.637925 3.8032e-05 0)
(0.6373 0.000102905 0)
(0.636695 0.000162123 0)
(0.636109 0.000215887 0)
(0.635541 0.000264399 0)
(0.634991 0.000307859 0)
(0.634458 0.000346494 0)
(0.633942 0.00038042 0)
(0.633443 0.000409644 0)
(0.632959 0.000434198 0)
(0.632489 0.000454112 0)
(0.632032 0.000469386 0)
(0.631588 0.000479967 0)
(0.631154 0.000485727 0)
(0.630731 0.000486446 0)
(0.630316 0.000481772 0)
(0.62991 0.000471209 0)
(0.629511 0.000454067 0)
(0.629118 0.000429404 0)
(0.62873 0.000395958 0)
(0.628346 0.000352059 0)
(0.627965 0.000295315 0)
(0.627581 0.00022219 0)
(0.627116 0.000138779 0)
(0.877854 -0.000624939 0)
(0.876825 -0.00117099 0)
(0.875691 -0.0017545 0)
(0.874435 -0.00238056 0)
(0.873043 -0.00305086 0)
(0.871496 -0.0037649 0)
(0.869778 -0.00452146 0)
(0.867873 -0.00531802 0)
(0.865767 -0.00615104 0)
(0.863446 -0.00701651 0)
(0.860898 -0.00790948 0)
(0.858115 -0.00882383 0)
(0.855089 -0.00975228 0)
(0.851815 -0.0106866 0)
(0.848291 -0.0116178 0)
(0.844517 -0.0125365 0)
(0.840498 -0.013433 0)
(0.83624 -0.0142979 0)
(0.831753 -0.0151221 0)
(0.827047 -0.0158973 0)
(0.822139 -0.0166158 0)
(0.817043 -0.0172711 0)
(0.81178 -0.017858 0)
(0.806366 -0.0183721 0)
(0.800824 -0.0188106 0)
(0.795174 -0.0191717 0)
(0.789438 -0.0194548 0)
(0.783636 -0.0196603 0)
(0.777788 -0.0197897 0)
(0.771916 -0.0198451 0)
(0.766038 -0.0198294 0)
(0.760173 -0.0197463 0)
(0.754338 -0.0195996 0)
(0.748549 -0.0193938 0)
(0.74282 -0.0191335 0)
(0.737166 -0.0188234 0)
(0.731597 -0.0184684 0)
(0.726125 -0.0180733 0)
(0.720759 -0.017643 0)
(0.715508 -0.0171822 0)
(0.710378 -0.0166953 0)
(0.705376 -0.0161868 0)
(0.700505 -0.0156607 0)
(0.695771 -0.015121 0)
(0.691175 -0.0145713 0)
(0.686719 -0.0140149 0)
(0.682406 -0.0134549 0)
(0.678234 -0.0128941 0)
(0.674205 -0.0123351 0)
(0.670317 -0.0117802 0)
(0.666569 -0.0112313 0)
(0.662959 -0.0106903 0)
(0.659486 -0.0101588 0)
(0.656146 -0.00963805 0)
(0.652938 -0.00912925 0)
(0.649858 -0.00863334 0)
(0.646903 -0.00815112 0)
(0.64407 -0.00768322 0)
(0.641356 -0.00723013 0)
(0.638757 -0.0067922 0)
(0.636269 -0.00636968 0)
(0.633889 -0.00596271 0)
(0.631614 -0.00557133 0)
(0.62944 -0.00519552 0)
(0.627364 -0.00483515 0)
(0.625382 -0.00449006 0)
(0.62349 -0.00416003 0)
(0.621685 -0.00384477 0)
(0.619965 -0.00354398 0)
(0.618325 -0.00325731 0)
(0.616763 -0.00298437 0)
(0.615275 -0.00272473 0)
(0.613859 -0.00247799 0)
(0.612511 -0.00224379 0)
(0.611229 -0.00202174 0)
(0.610009 -0.0018114 0)
(0.60885 -0.00161227 0)
(0.607748 -0.00142398 0)
(0.6067 -0.00124629 0)
(0.605706 -0.00107915 0)
(0.604761 -0.000922146 0)
(0.603864 -0.00077457 0)
(0.603012 -0.000635951 0)
(0.602204 -0.000505786 0)
(0.601435 -0.000383398 0)
(0.600705 -0.000268029 0)
(0.600006 -0.000159515 0)
(0.599339 -5.80572e-05 0)
(0.598704 3.64382e-05 0)
(0.598099 0.000124173 0)
(0.597525 0.000205427 0)
(0.596979 0.000280597 0)
(0.596463 0.00035014 0)
(0.595978 0.000414128 0)
(0.595522 0.000472521 0)
(0.595092 0.000525503 0)
(0.594687 0.000573304 0)
(0.594306 0.00061616 0)
(0.593947 0.000654297 0)
(0.593607 0.000687928 0)
(0.593288 0.000717249 0)
(0.592985 0.000742424 0)
(0.5927 0.000763546 0)
(0.59243 0.000780753 0)
(0.592174 0.00079423 0)
(0.591931 0.000804086 0)
(0.591701 0.000810371 0)
(0.591482 0.000813083 0)
(0.591273 0.000812166 0)
(0.591073 0.000807494 0)
(0.590881 0.000798857 0)
(0.590696 0.000785943 0)
(0.590517 0.00076831 0)
(0.590341 0.000745344 0)
(0.590169 0.000716213 0)
(0.589998 0.000679788 0)
(0.589826 0.000634519 0)
(0.589651 0.00057809 0)
(0.589467 0.000507263 0)
(0.589231 0.00042674 0)
(0.817939 0.000340787 0)
(0.81665 -9.52814e-05 0)
(0.815307 -0.000554347 0)
(0.813873 -0.00103513 0)
(0.812315 -0.00153928 0)
(0.810616 -0.00207112 0)
(0.80876 -0.00263394 0)
(0.806732 -0.00322756 0)
(0.804515 -0.00384903 0)
(0.802094 -0.00449478 0)
(0.799457 -0.00516047 0)
(0.796594 -0.00584108 0)
(0.793497 -0.00653096 0)
(0.79016 -0.00722397 0)
(0.786581 -0.00791354 0)
(0.78276 -0.00859283 0)
(0.778701 -0.00925493 0)
(0.774408 -0.00989304 0)
(0.769891 -0.0105007 0)
(0.765161 -0.0110718 0)
(0.760231 -0.0116009 0)
(0.755116 -0.0120835 0)
(0.749836 -0.0125156 0)
(0.744407 -0.0128941 0)
(0.738851 -0.0132169 0)
(0.733187 -0.0134828 0)
(0.727436 -0.0136912 0)
(0.72162 -0.0138423 0)
(0.715759 -0.0139373 0)
(0.709873 -0.0139775 0)
(0.703983 -0.0139653 0)
(0.698106 -0.013903 0)
(0.69226 -0.0137937 0)
(0.686463 -0.0136405 0)
(0.680729 -0.0134467 0)
(0.675072 -0.0132159 0)
(0.669505 -0.0129517 0)
(0.66404 -0.0126577 0)
(0.658687 -0.0123375 0)
(0.653455 -0.0119944 0)
(0.648351 -0.011632 0)
(0.643382 -0.0112535 0)
(0.638553 -0.010862 0)
(0.633868 -0.0104604 0)
(0.629331 -0.0100513 0)
(0.624944 -0.00963747 0)
(0.620709 -0.0092211 0)
(0.616627 -0.00880435 0)
(0.612696 -0.00838917 0)
(0.608918 -0.00797728 0)
(0.60529 -0.00757024 0)
(0.601811 -0.00716942 0)
(0.598479 -0.00677602 0)
(0.595292 -0.00639105 0)
(0.592246 -0.00601541 0)
(0.589339 -0.00564982 0)
(0.586566 -0.00529489 0)
(0.583926 -0.00495111 0)
(0.581414 -0.00461884 0)
(0.579026 -0.00429835 0)
(0.576758 -0.00398982 0)
(0.574608 -0.00369336 0)
(0.57257 -0.00340899 0)
(0.570641 -0.00313666 0)
(0.568816 -0.00287629 0)
(0.567093 -0.00262773 0)
(0.565467 -0.00239078 0)
(0.563935 -0.00216521 0)
(0.562492 -0.00195074 0)
(0.561135 -0.00174707 0)
(0.559861 -0.00155388 0)
(0.558666 -0.00137078 0)
(0.557546 -0.00119743 0)
(0.556498 -0.00103363 0)
(0.555518 -0.000879381 0)
(0.554605 -0.000734328 0)
(0.553753 -0.000597903 0)
(0.55296 -0.000469605 0)
(0.552223 -0.00034868 0)
(0.551537 -0.000234059 0)
(0.550895 -0.000125489 0)
(0.550296 -2.34514e-05 0)
(0.549739 7.19802e-05 0)
(0.549223 0.000160962 0)
(0.548748 0.0002439 0)
(0.548313 0.000321273 0)
(0.547921 0.000393051 0)
(0.547568 0.000459076 0)
(0.547252 0.000519484 0)
(0.546971 0.000574491 0)
(0.546722 0.000624323 0)
(0.546503 0.000669138 0)
(0.546312 0.000709008 0)
(0.546147 0.000744284 0)
(0.546006 0.00077545 0)
(0.545888 0.000802778 0)
(0.545791 0.0008265 0)
(0.545714 0.000846825 0)
(0.545655 0.000863945 0)
(0.545614 0.000878033 0)
(0.545588 0.000889239 0)
(0.545576 0.000897691 0)
(0.545577 0.000903493 0)
(0.54559 0.000906744 0)
(0.545614 0.000907546 0)
(0.545646 0.000905966 0)
(0.545687 0.000902023 0)
(0.545735 0.000895697 0)
(0.545789 0.000886915 0)
(0.545848 0.000875558 0)
(0.54591 0.000861447 0)
(0.545974 0.000844326 0)
(0.54604 0.000823847 0)
(0.546105 0.000799543 0)
(0.546168 0.000770808 0)
(0.546227 0.000736874 0)
(0.54628 0.000696764 0)
(0.546322 0.000649115 0)
(0.546349 0.000591941 0)
(0.546354 0.000526763 0)
(0.729927 0.00182514 0)
(0.728997 0.00139423 0)
(0.727994 0.000965312 0)
(0.726914 0.000540012 0)
(0.72575 0.000117398 0)
(0.724472 -0.000302535 0)
(0.723038 -0.000717841 0)
(0.721401 -0.00113164 0)
(0.719548 -0.0015505 0)
(0.717467 -0.0019772 0)
(0.715147 -0.00241135 0)
(0.712579 -0.00285103 0)
(0.709755 -0.0032935 0)
(0.706672 -0.00373548 0)
(0.703329 -0.0041733 0)
(0.699726 -0.00460305 0)
(0.695867 -0.00502071 0)
(0.69176 -0.0054223 0)
(0.687414 -0.00580404 0)
(0.682842 -0.00616241 0)
(0.678059 -0.00649423 0)
(0.67308 -0.00679678 0)
(0.667926 -0.00706781 0)
(0.662616 -0.00730557 0)
(0.657172 -0.00750883 0)
(0.651614 -0.00767688 0)
(0.645967 -0.00780947 0)
(0.640251 -0.00790684 0)
(0.634489 -0.00796962 0)
(0.628703 -0.0079988 0)
(0.622914 -0.00799572 0)
(0.617142 -0.00796195 0)
(0.611406 -0.00789928 0)
(0.605724 -0.00780968 0)
(0.600112 -0.00769521 0)
(0.594586 -0.00755804 0)
(0.589159 -0.00740036 0)
(0.583845 -0.00722437 0)
(0.578653 -0.00703225 0)
(0.573594 -0.00682614 0)
(0.568675 -0.0066081 0)
(0.563905 -0.00638011 0)
(0.559288 -0.00614408 0)
(0.55483 -0.00590177 0)
(0.550533 -0.00565487 0)
(0.5464 -0.00540492 0)
(0.542433 -0.00515336 0)
(0.538632 -0.0049015 0)
(0.534997 -0.00465054 0)
(0.531527 -0.00440154 0)
(0.528221 -0.00415548 0)
(0.525077 -0.00391319 0)
(0.522091 -0.00367544 0)
(0.519261 -0.00344286 0)
(0.516584 -0.00321601 0)
(0.514055 -0.00299537 0)
(0.511671 -0.00278131 0)
(0.509427 -0.00257415 0)
(0.50732 -0.00237414 0)
(0.505344 -0.00218145 0)
(0.503495 -0.00199622 0)
(0.501768 -0.00181852 0)
(0.500159 -0.00164838 0)
(0.498663 -0.00148578 0)
(0.497276 -0.00133067 0)
(0.495992 -0.00118298 0)
(0.494808 -0.00104259 0)
(0.493718 -0.000909361 0)
(0.492719 -0.000783118 0)
(0.491805 -0.00066365 0)
(0.490974 -0.000550716 0)
(0.49022 -0.000444008 0)
(0.489541 -0.000343053 0)
(0.48893 -0.000246903 0)
(0.488383 -0.000154479 0)
(0.487889 -6.60982e-05 0)
(0.487448 1.71478e-05 0)
(0.487058 9.48947e-05 0)
(0.486717 0.00016736 0)
(0.486426 0.000235168 0)
(0.486189 0.000298321 0)
(0.486001 0.000356449 0)
(0.485858 0.000409589 0)
(0.485758 0.000457882 0)
(0.485697 0.000501362 0)
(0.485672 0.00053999 0)
(0.485681 0.000574195 0)
(0.48572 0.000604566 0)
(0.485789 0.000631407 0)
(0.485884 0.000654962 0)
(0.486005 0.000675447 0)
(0.486148 0.000693026 0)
(0.486313 0.000707855 0)
(0.486496 0.000720184 0)
(0.486696 0.00073029 0)
(0.486913 0.000738364 0)
(0.487143 0.00074454 0)
(0.487386 0.000748928 0)
(0.48764 0.000751622 0)
(0.487904 0.000752712 0)
(0.488176 0.000752273 0)
(0.488456 0.00075037 0)
(0.488743 0.000747052 0)
(0.489034 0.000742363 0)
(0.489329 0.000736347 0)
(0.489627 0.000729035 0)
(0.489927 0.000720434 0)
(0.490227 0.000710523 0)
(0.490528 0.000699252 0)
(0.490826 0.00068654 0)
(0.491123 0.000672269 0)
(0.491415 0.000656275 0)
(0.491703 0.000638334 0)
(0.491984 0.000618165 0)
(0.492257 0.000595434 0)
(0.492519 0.000569786 0)
(0.492769 0.000540925 0)
(0.493003 0.000508838 0)
(0.493216 0.000474587 0)
(0.49344 0.000437554 0)
(0.571502 0.00254262 0)
(0.573341 0.00217608 0)
(0.574803 0.00182992 0)
(0.575894 0.00149975 0)
(0.576622 0.00118483 0)
(0.576994 0.00088986 0)
(0.577034 0.000620675 0)
(0.576775 0.000374377 0)
(0.576208 0.000142353 0)
(0.575332 -8.08706e-05 0)
(0.574144 -0.000297747 0)
(0.572643 -0.000509273 0)
(0.570828 -0.000715682 0)
(0.5687 -0.000916689 0)
(0.566263 -0.00111165 0)
(0.56352 -0.00129968 0)
(0.560482 -0.00147974 0)
(0.557158 -0.00165071 0)
(0.553562 -0.00181148 0)
(0.54971 -0.00196099 0)
(0.545618 -0.0020983 0)
(0.541308 -0.00222257 0)
(0.5368 -0.00233313 0)
(0.532117 -0.00242948 0)
(0.527283 -0.0025113 0)
(0.522321 -0.00257845 0)
(0.517256 -0.00263097 0)
(0.512113 -0.00266907 0)
(0.506915 -0.0026931 0)
(0.501686 -0.00270356 0)
(0.496449 -0.00270105 0)
(0.491224 -0.00268629 0)
(0.486034 -0.00266006 0)
(0.480896 -0.00262322 0)
(0.475828 -0.00257664 0)
(0.470846 -0.00252126 0)
(0.465966 -0.00245798 0)
(0.461199 -0.00238773 0)
(0.456559 -0.00231143 0)
(0.452055 -0.00222995 0)
(0.447695 -0.00214415 0)
(0.443487 -0.00205485 0)
(0.439437 -0.0019628 0)
(0.435549 -0.00186875 0)
(0.431827 -0.00177335 0)
(0.428274 -0.00167723 0)
(0.424891 -0.00158096 0)
(0.421677 -0.00148506 0)
(0.418634 -0.00138998 0)
(0.415759 -0.00129614 0)
(0.41305 -0.00120391 0)
(0.410506 -0.00111359 0)
(0.408123 -0.00102548 0)
(0.405898 -0.000939785 0)
(0.403826 -0.000856716 0)
(0.401904 -0.000776425 0)
(0.400126 -0.000699038 0)
(0.398489 -0.00062465 0)
(0.396987 -0.000553329 0)
(0.395615 -0.000485117 0)
(0.394368 -0.000420037 0)
(0.393241 -0.000358088 0)
(0.392228 -0.000299255 0)
(0.391325 -0.000243505 0)
(0.390526 -0.000190789 0)
(0.389826 -0.000141042 0)
(0.38922 -9.42045e-05 0)
(0.388703 -5.02203e-05 0)
(0.38827 -9.01185e-06 0)
(0.387916 2.95267e-05 0)
(0.387638 6.55371e-05 0)
(0.38743 9.92237e-05 0)
(0.387288 0.000130988 0)
(0.38721 0.000161874 0)
(0.387194 0.000193071 0)
(0.387244 0.000224064 0)
(0.387351 0.000253546 0)
(0.387513 0.000280949 0)
(0.387723 0.000305804 0)
(0.387976 0.000327514 0)
(0.388269 0.000346089 0)
(0.388598 0.000361932 0)
(0.388959 0.000375203 0)
(0.38935 0.000386089 0)
(0.389767 0.00039478 0)
(0.390207 0.000401487 0)
(0.390668 0.000406533 0)
(0.391147 0.000410252 0)
(0.391641 0.000412853 0)
(0.392148 0.000414473 0)
(0.392667 0.000415217 0)
(0.393196 0.000415159 0)
(0.393732 0.000414361 0)
(0.394275 0.000412894 0)
(0.394822 0.00041083 0)
(0.395372 0.000408218 0)
(0.395925 0.000405093 0)
(0.396479 0.000401479 0)
(0.397032 0.000397397 0)
(0.397584 0.000392868 0)
(0.398133 0.000387912 0)
(0.39868 0.000382547 0)
(0.399222 0.000376786 0)
(0.39976 0.000370645 0)
(0.400291 0.000364138 0)
(0.400817 0.000357272 0)
(0.401334 0.000350049 0)
(0.401844 0.000342457 0)
(0.402345 0.000334471 0)
(0.402836 0.000326058 0)
(0.403316 0.000317169 0)
(0.403784 0.000307733 0)
(0.404239 0.000297661 0)
(0.404681 0.000286845 0)
(0.405106 0.000275174 0)
(0.405513 0.000262551 0)
(0.405902 0.000248993 0)
(0.406268 0.00023488 0)
(0.406614 0.00022168 0)
(0.407016 0.000212599 0)
)
;

boundaryField
{
    inlet
    {
        type            timeVaryingMappedFixedValue;
        setAverage      0;
        offset          constant (0 0 0);
        value           nonuniform List<vector> 
16
(
(0.587511 0 0)
(0.789926 0 0)
(0.854302 0 0)
(0.898481 0 0)
(0.937229 0 0)
(0.965825 0 0)
(0.988501 0 0)
(0.998115 0 0)
(0.997375 0 0)
(0.984634 0 0)
(0.959313 0 0)
(0.931019 0 0)
(0.89125 0 0)
(0.840938 0 0)
(0.772246 0 0)
(0.468354 0 0)
)
;
    }
    outlet
    {
        type            zeroGradient;
    }
    lowerWall
    {
        type            fixedValue;
        value           uniform (0 0 0);
    }
    upperWall
    {
        type            fixedValue;
        value           uniform (0 0 0);
    }
    frontAndBack
    {
        type            empty;
    }
}


// ************************************************************************* //
