-0.48860	 134.00000	 6.69630	 -0.00580	 -1.71490	 6.27250	 0.30440	 4.82250	 -0.29720	 -0.97230	0.03420	 -0.63830	 -1.89260	 -0.04270	 0.09680	 4.58530	 -0.07360	 0.15810	 11.22080	 0.01520	-4.24080	 -6.56438	 0.00759	 -0.00223	 -0.01977	 -14.36453	 0.21508	 0.17678	 -0.02823	 0.02624	1.01751	 0.98279	 -0.02182	 0.02366	 0.14367	 6.07309
-0.48860	 149.00000	 7.31730	 -0.01370	 -1.89150	 6.98050	 0.32140	 5.06650	 -0.33580	 -1.15770	0.04510	 -0.63010	 -2.07170	 -0.03660	 0.09380	 4.70280	 -0.14650	 0.17990	 11.63390	 -0.01240	-4.55990	 -7.64940	 0.00824	 -0.00233	 -0.01968	 -14.49352	 0.22419	 0.19467	 -0.03534	 0.02739	0.94860	 1.05419	 0.01572	 -0.01917	 -0.12315	 6.42489
-0.48860	 169.00000	 7.87070	 -0.03090	 -1.99790	 7.66730	 0.33210	 5.49540	 -0.40600	 -1.20460	0.04360	 -0.70060	 -2.17480	 -0.04310	 0.14230	 5.59970	 -0.09010	 0.13780	 12.85040	 -0.01770	-4.13680	 -6.12946	 0.00899	 -0.00219	 -0.01719	 -14.24314	 0.25443	 0.18558	 -0.03227	 0.03026	0.81330	 1.22955	 0.02190	 -0.02506	 -0.11904	 4.75082
-0.48860	 195.00000	 8.85370	 -0.03350	 -2.23900	 8.71330	 0.36110	 6.13630	 -0.45780	 -1.30710	0.05810	 -0.49460	 -2.25650	 -0.05280	 0.13550	 5.78300	 -0.09020	 0.13280	 13.71380	 -0.00100	-4.61110	 -7.23282	 0.01013	 -0.00141	 -0.01660	 -14.19191	 0.25809	 0.17876	 -0.03903	 0.03034	0.78250	 1.27796	 0.00171	 -0.00199	 -0.00688	 3.45719
-0.48860	 229.00000	 9.50420	 -0.04150	 -2.35610	 9.45590	 0.47420	 6.81380	 -0.54910	 -1.34180	0.06480	 -0.38600	 -1.86950	 -0.06880	 0.14320	 6.28070	 -0.20350	 0.08480	 14.32230	 -0.03090	-4.00830	 -6.73042	 0.01115	 -0.00135	 -0.01296	 -13.92299	 0.25931	 0.16716	 -0.03605	 0.03302	0.85764	 1.16599	 0.04981	 -0.07081	 -0.19450	 2.74664
-0.48860	 273.00000	 10.46160	 -0.05610	 -2.48850	 10.29660	 0.55670	 7.11430	 -0.65980	 -1.12620	0.07910	 -0.07840	 -0.73120	 -0.04930	 0.04070	 6.16580	 -0.12340	 -0.06020	 12.26180	 -0.01420	-2.32140	 -6.83627	 0.01197	 -0.00044	 -0.00630	 -13.38028	 0.27558	 0.13158	 -0.03975	 0.03698	0.83774	 1.19369	 0.06574	 -0.09713	 -0.22212	 2.28688
-0.48860	 330.00000	 11.18510	 -0.04960	 -2.91660	 10.78810	 0.71060	 9.36090	 -0.79520	 -1.59550	0.08530	 0.17850	 -3.02640	 -0.19320	 0.06280	 8.30730	 -0.18250	 -0.01580	 12.36540	 -0.06800	-9.81350	 -6.12263	 0.01389	 -0.00013	 -0.02280	 -14.61487	 0.28720	 0.15877	 -0.03307	 0.03834	0.88851	 1.12547	 0.94444	 -0.26637	 -0.33473	 1.25661
-0.48860	 405.00000	 12.43800	 -0.08690	 -3.11100	 11.17800	 0.95210	 10.52060	 -0.82830	 -1.49880	0.05620	 0.54910	 -1.64310	 -0.14710	 -0.08700	 8.40330	 -0.16700	 -0.18390	 8.50100	 -0.01770	-6.99490	 -3.88156	 0.01509	 0.00059	 -0.01416	 -14.04275	 0.25390	 0.13821	 -0.01776	 0.03665	1.14683	 0.87197	 -0.04857	 -0.03084	 -0.10357	 3.35827
-0.48860	 502.00000	 12.92900	 -0.10750	 -3.49600	 10.60410	 1.24630	 11.35070	 -1.00790	 -1.52160	0.11120	 0.78660	 -2.98640	 -0.33700	 -0.06010	 8.08780	 0.01920	 -0.16600	 9.14330	 -0.14290	-11.60150	 -6.29589	 0.01545	 0.00104	 -0.02348	 -15.13093	 0.27725	 0.13869	 -0.02957	 0.04371	1.22907	 0.81362	 -0.21557	 -0.18161	 -0.41745	 2.29855
-0.48860	 630.00000	 13.62840	 -0.11530	 -3.66610	 10.54150	 1.53750	 11.94840	 -0.96510	 -1.32520	0.09760	 1.28090	 -2.76930	 -0.29160	 -0.25160	 7.18180	 -0.10270	 -0.34140	 9.07750	 -0.03310	-9.85660	 -5.77466	 0.01600	 0.00174	 -0.01962	 -15.05640	 0.23973	 0.11808	 -0.02277	 0.04037	1.58501	 0.63091	 -0.02891	 -0.02576	 -0.08594	 3.33647
-0.48860	 796.00000	 14.24450	 -0.17100	 -3.74360	 10.49730	 1.88070	 12.61780	 -0.98040	 -1.29900	0.02990	 1.08340	 -4.16050	 -0.54040	 -0.21650	 7.99310	 0.08800	 -0.17150	 9.00870	 -0.25200	-9.46430	 -1.74685	 0.01665	 0.00134	 -0.02068	 -14.72493	 0.22065	 0.11287	 -0.00614	 0.03924	1.91741	 0.52154	 -0.27409	 -0.23184	 -0.43287	 1.86715
-0.48860	 1012.00000	 14.77770	 -0.19790	 -3.85650	 10.53320	 2.17140	 13.10240	 -0.93570	 -1.15530	-0.07170	 1.26350	 -3.71480	 -0.47870	 -0.32620	 7.86820	 0.56100	 -0.46450	 7.60400	 -0.29550	-8.92340	 4.38185	 0.01719	 0.00216	 -0.01855	 -14.62613	 0.19565	 0.09834	 0.01344	 0.03636	2.31383	 0.43218	 -0.19326	 -0.21375	 -0.51012	 2.38651
-0.48860	 1294.00000	 15.27060	 -0.22490	 -3.90440	 10.58540	 2.58440	 12.82080	 -1.01040	 -0.93470	-0.16150	 0.78750	 -2.91480	 -0.55210	 -0.20030	 7.03660	 0.86430	 -0.62660	 7.71550	 -0.53600	-6.68800	 9.08121	 0.01731	 0.00157	 -0.01426	 -14.34217	 0.19318	 0.08023	 0.02806	 0.03937	2.52574	 0.39592	 -0.48037	 -0.45841	 -0.91263	 1.99087
-0.48860	 1663.00000	 15.59870	 -0.28890	 -3.89760	 10.40890	 3.16780	 13.20730	 -0.99920	 -0.91430	-0.21030	 1.30680	 -2.95790	 -0.65500	 -0.50890	 7.65400	 1.08210	 -0.78270	 4.57090	 -1.00760	-6.39910	 11.88548	 0.01784	 0.00188	 -0.01364	 -14.02907	 0.17401	 0.07798	 0.03251	 0.03812	3.10237	 0.32233	 -0.72946	 -0.59387	 -1.21477	 2.04550
-0.48860	 2143.00000	 15.81670	 -0.36870	 -3.90130	 10.28490	 3.79880	 13.45890	 -1.01570	 -0.69050	-0.30810	 1.04680	 -2.33520	 -0.75190	 -0.20630	 7.59230	 1.56470	 -0.84910	 4.85700	 -1.99290	-6.27970	 16.87452	 0.01834	 0.00082	 -0.01241	 -13.85583	 0.16250	 0.05869	 0.04309	 0.03854	3.57904	 0.27940	 -3.22163	 -1.05861	 -2.55602	 2.41452
-0.48860	 2769.00000	 16.22080	 -0.44330	 -3.81820	 10.27170	 4.55820	 13.80710	 -0.99060	 -0.20320	-0.51000	 1.22790	 -1.98990	 -1.28580	 -0.59370	 7.41520	 1.73690	 -1.22500	 1.71180	 -2.13020	-6.98500	 27.24120	 0.01907	 0.00106	 -0.01308	 -13.24568	 0.14477	 0.01706	 0.06429	 0.03891	4.09109	 0.24443	 -2.55236	 -1.00146	 -1.50411	 1.50193
-0.48860	 3586.00000	 16.57940	 -0.49460	 -3.69600	 10.29350	 5.39090	 13.86740	 -1.15620	 0.18680	-0.57890	 0.99170	 -0.64220	 -2.11870	 -0.95850	 6.65990	 2.26710	 -1.01480	 1.12100	 -1.77480	-7.12390	 26.59676	 0.01968	 0.00183	 -0.01221	 -12.56730	 0.15521	 -0.01563	 0.06695	 0.04375	4.16920	 0.23985	 -1.19596	 -0.71723	 -0.76321	 1.06411
-0.48860	 4651.00000	 16.81460	 -0.54970	 -3.50840	 10.23910	 6.54910	 13.71140	 -1.55800	 0.42290	-0.71310	 1.11870	 -1.11930	 -2.63470	 -0.02170	 5.94730	 2.27610	 -1.36610	 1.36130	 -1.70730	-7.60440	 24.59367	 0.02031	 0.00202	 -0.01359	 -11.78579	 0.19026	 -0.03569	 0.07525	 0.05618	3.82219	 0.26163	 -1.01173	 -0.67318	 -0.64798	 0.96257
-0.48860	 6040.00000	 16.85440	 -0.72880	 -3.15040	 10.43730	 7.87380	 13.68120	 -1.88900	 0.98510	-0.78430	 1.16320	 -0.31390	 -3.19510	 -0.40280	 4.15110	 2.49320	 -1.49330	 0.58620	 -1.30480	-10.06800	 22.54789	 0.02131	 0.00268	 -0.01549	 -10.58747	 0.20838	 -0.08244	 0.07557	 0.06393	3.84961	 0.25977	 -0.55486	 -0.47427	 -0.40517	 0.85431
-0.48860	 7851.00000	 17.25480	 -0.81050	 -2.56230	 11.01960	 8.79080	 13.72220	 -2.12620	 1.76360	-1.00360	 1.10260	 0.69200	 -4.41020	 -1.86160	 2.37940	 3.76740	 -0.77810	 -1.74480	 2.51290	-15.49600	 25.26805	 0.02233	 0.00804	 -0.02091	 -8.44657	 0.21603	 -0.14342	 0.09138	 0.07012	3.73893	 0.26746	 0.34037	 0.64016	 0.52494	 0.82002
-0.48860	 10214.00000	 17.50460	 -0.81770	 -1.84020	 11.95350	 9.62880	 12.76190	 -2.66130	 2.08160	-0.99920	 1.27660	 0.87830	 -4.85620	 -4.15150	 -0.49640	 4.40320	 0.25970	 -3.86410	 6.13660	-17.84280	 20.57893	 0.02287	 0.01256	 -0.02319	 -6.00127	 0.24806	 -0.16854	 0.09014	 0.08277	3.38721	 0.29523	 0.51933	 1.33855	 0.96051	 0.71758
-0.48860	 13295.00000	 18.36120	 -1.00790	 -0.88350	 13.45540	 9.99690	 11.28480	 -3.27810	 2.30580	-0.65700	 0.89240	 0.07380	 -4.08240	 -4.66740	 -4.81750	 3.11540	 1.31740	 -6.21920	 9.21500	-16.12090	 11.33312	 0.02313	 0.01389	 -0.02115	 -2.75482	 0.28264	 -0.18712	 0.06186	 0.09625	2.99014	 0.33443	 0.69690	 2.84353	 1.48609	 0.52262
-0.48860	 17313.00000	 18.99990	 -1.03850	 -0.21050	 15.38530	 9.98210	 10.07750	 -3.83460	 2.01800	-0.48270	 3.94910	 -0.61440	 -4.18570	 -9.38870	 -8.16320	 3.25160	 1.53910	 -14.93770	 12.38670	-15.56610	 7.17466	 0.02361	 0.02017	 -0.02097	 -0.63475	 0.30943	 -0.16207	 0.04813	 0.10904	2.58278	 0.38718	 0.63238	 2.42141	 1.20499	 0.49764
-0.48860	 22553.00000	 19.78070	 -1.09670	 0.59030	 17.16160	 9.63410	 9.53000	 -4.33480	 1.23830	-0.11230	 9.00070	 -1.41160	 -2.75120	 -13.75830	 -13.10010	 3.74250	 1.98640	 -28.15300	 17.02910	-11.95120	 1.48401	 0.02419	 0.02991	 -0.01619	 1.70933	 0.33712	 -0.09683	 0.01172	 0.11937	2.22176	 0.45009	 0.57198	 1.74697	 1.21370	 0.69475
-0.48860	 29388.00000	 21.02230	 -1.01460	 0.78360	 18.46400	 8.93440	 8.39320	 -4.64570	 1.01810	-0.06200	 15.37550	 -2.28670	 -2.30350	 -19.87510	 -17.51060	 4.31830	 1.48820	 -51.56710	 21.51570	-11.97560	 0.76461	 0.02384	 0.04202	 -0.01689	 2.13469	 0.36171	 -0.08178	 0.00716	 0.12981	1.92298	 0.52003	 0.52211	 1.34722	 1.07535	 0.79820
-0.48860	 40084.00000	 21.99540	 -0.66930	 0.83520	 18.95790	 8.43310	 7.98180	 -5.08490	 0.80960	-0.00900	 24.99780	 -1.96540	 -0.65680	 -24.30790	 -21.15270	 5.19470	 0.12540	 -78.16840	 25.87220	-8.69390	 0.10141	 0.02356	 0.05785	 -0.01168	 2.17457	 0.40216	 -0.06582	 0.00110	 0.14375	1.65846	 0.60297	 0.46147	 1.01333	 1.06397	 1.04997
-0.48860	 45164.00000	 22.23090	 -0.44100	 0.62360	 20.47830	 10.42050	 8.68490	 -5.75080	 1.10380	-0.39020	 28.14350	 -6.33070	 -1.15730	 -29.88400	 -25.14760	 11.20400	 3.16080	 -79.00660	 29.69500	-5.98640	 3.88165	 0.02636	 0.06366	 -0.01242	 1.60679	 0.39367	 -0.08277	 0.04102	 0.14562	1.80785	 0.55314	 0.43010	 0.98030	 0.99293	 1.01288
-0.48860	 50244.00000	 22.58840	 -0.24220	 0.01450	 21.88910	 14.40270	 15.08060	 -6.49660	 4.36050	-1.97080	 24.92480	 -14.00280	 -6.76480	 -36.65270	 -37.12420	 14.28000	 3.46290	 -89.53770	 31.95660	-30.81090	 16.87563	 0.03421	 0.05055	 -0.03664	 0.03678	 0.36589	 -0.24000	 0.13372	 0.13215	2.12149	 0.47137	 0.44907	 1.11248	 0.85739	 0.77071
-0.48860	 55324.00000	 23.01040	 -0.04140	 -0.19870	 21.90740	 15.42520	 15.60150	 -6.25020	 4.36110	-2.51060	 26.56890	 -17.88430	 -6.79240	 -35.73240	 -38.57290	 16.89960	 5.63330	 -98.95320	 34.40300	-30.91670	 21.88450	 0.03525	 0.05369	 -0.03833	 -0.49475	 0.34000	 -0.23589	 0.16184	 0.12724	2.29011	 0.43666	 0.44179	 1.09257	 0.94586	 0.86572
-0.48860	 60404.00000	 23.88400	 -0.08740	 -0.30120	 18.57230	 14.54360	 12.56160	 -5.46560	 4.08360	-2.34000	 25.35240	 -18.80560	 -8.25800	 -36.99960	 -30.79100	 15.16740	 6.01140	 -89.85130	 38.65510	-30.84820	 23.17733	 0.03042	 0.06326	 -0.04627	 -0.72252	 0.33256	 -0.26735	 0.17312	 0.13016	2.44617	 0.40880	 0.48822	 1.30843	 1.01966	 0.77930
-0.48860	 65484.00000	 24.59230	 -0.16770	 -0.44620	 14.47550	 12.45180	 10.80040	 -4.63910	 3.71000	-3.28630	 23.46990	 -21.18280	 -9.78900	 -31.15320	 -26.97910	 13.29150	 6.80800	 -75.05590	 37.43790	-35.70050	 35.31344	 0.02513	 0.07178	 -0.06450	 -1.03945	 0.34554	 -0.29671	 0.28338	 0.15069	2.19023	 0.45657	 0.50456	 1.38802	 1.14647	 0.82598
-0.48860	 70564.00000	 25.69240	 -0.41790	 -0.11580	 6.69490	 9.25780	 6.35300	 -2.88920	 1.95930	-2.69860	 14.63850	 -11.42260	 -12.48440	 -20.75290	 -12.38270	 13.58590	 7.58370	 -26.96730	 37.52750	-23.23260	 43.04640	 0.01486	 0.10758	 -0.07713	 -0.25824	 0.36699	 -0.30043	 0.35188	 0.17724	2.34169	 0.42704	 0.57074	 1.87905	 1.54953	 0.82463
-0.48860	 75644.00000	 26.50360	 -0.86510	 0.28150	 1.47030	 3.67640	 1.89890	 -0.27660	 0.09080	-0.79140	 2.08580	 -1.23610	 -3.16490	 -1.54390	 -0.33510	 3.49900	 0.43860	 0.40790	 15.83910	-3.60950	 70.73511	 0.00469	 0.11098	 -0.04149	 0.60853	 0.11897	 -0.05434	 0.29953	 0.11899	4.38531	 0.22803	 0.73932	 3.88831	 4.49796	 1.15679
-0.48860	 80724.00000	 26.50730	 -1.17230	 0.36610	 0.38180	 0.77820	 0.38620	 0.04640	 0.00430	-0.07010	 0.06650	 -0.05560	 -0.07060	 0.00620	 0.00840	 0.05140	 0.00440	 0.13760	 0.42410	-0.05840	 -56.49896	 0.00103	 0.01279	 -0.00436	 0.79128	 -0.08512	 -0.01120	 0.12787	 0.05437	9.25709	 0.10803	 0.78247	 5.04587	 5.98405	 1.18593
-0.48860	 85804.00000	 26.60100	 -1.14640	 0.49420	 0.18420	 0.48800	 0.19880	 0.06320	 0.00090	-0.01390	 -0.01020	 -0.00180	 0.00120	 -0.03090	 -0.00260	 0.00450	 0.00260	 -0.00440	 0.00650	-0.01830	 -12.40396	 0.00058	 0.00003	 -0.00079	 1.06433	 -0.21080	 -0.00470	 0.04463	 0.07429	7.54128	 0.13260	 8.12500	 0.58304	 0.21020	 0.36052
-0.48860	 90884.00000	 26.65940	 -1.09580	 0.44450	 0.17370	 0.48350	 0.20010	 0.06470	 0.00250	-0.00730	 0.00080	 -0.00180	 -0.00290	 -0.00460	 -0.00490	 0.00360	 -0.00200	 0.00490	 0.01170	-0.01950	 -6.43737	 0.00057	 0.00069	 -0.00103	 0.95522	 -0.22326	 -0.01341	 0.02347	 0.07595	7.42584	 0.13466	 0.72671	 3.17261	 2.15159	 0.67818
-0.48860	 95964.00000	 26.69650	 -1.01090	 0.40860	 0.16820	 0.49990	 0.19610	 0.04890	 -0.00510	-0.01890	 -0.00700	 0.00020	 -0.00190	 -0.02550	 -0.00100	 0.00650	 0.00540	 -0.00740	 -0.02260	-0.01420	 -21.13167	 0.00058	 -0.00098	 -0.00067	 0.87687	 -0.16864	 0.02808	 0.06036	 0.06066	9.53546	 0.10487	 0.97835	 -2.36588	 -0.88382	 0.37357
-0.48860	 101044.00000	 26.72360	 -1.00250	 0.37940	 0.16600	 0.46940	 0.18300	 0.05640	 -0.00010	-0.01020	 -0.00850	 -0.00340	 0.00220	 -0.02790	 0.00120	 -0.00200	 -0.00100	 -0.00670	 -0.02270	-0.01220	 -10.25120	 0.00055	 -0.00148	 -0.00060	 0.81338	 -0.20205	 0.00057	 0.03480	 0.07003	8.18984	 0.12210	 0.68373	 -2.59960	 -0.81110	 0.31201
