-0.81430	 135.00000	 6.78560	 0.06680	 -1.79340	 5.63600	 0.27630	 3.86570	 -0.26230	 -0.69730	0.05560	 -0.60230	 -0.96850	 -0.02580	 0.13380	 2.72240	 -0.03880	 0.10900	 9.32470	 0.01220	-6.20160	 -11.96790	 0.00650	 -0.00235	 -0.02684	 -14.80448	 0.21019	 0.14939	 -0.05380	 0.02742	1.03048	 0.97042	 -0.01940	 0.02021	 0.08953	 4.42923
-0.81430	 150.00000	 7.11990	 0.04810	 -1.94600	 6.16670	 0.29730	 4.10500	 -0.30920	 -0.82860	0.05780	 -0.70000	 -1.11420	 -0.05040	 0.15570	 3.08720	 -0.12270	 0.10910	 9.74200	 -0.00100	-6.80970	 -10.58833	 0.00703	 -0.00284	 -0.02752	 -15.28664	 0.22836	 0.16469	 -0.05232	 0.02976	0.94514	 1.05804	 0.00121	 -0.00141	 -0.00611	 4.34253
-0.81430	 170.00000	 7.85120	 0.02910	 -2.17120	 6.91490	 0.33410	 4.65480	 -0.39710	 -0.91340	0.08350	 -0.73600	 -0.91880	 -0.05090	 0.19170	 3.42950	 -0.15930	 0.12380	 9.62960	 -0.00410	-8.60440	 -11.87484	 0.00792	 -0.00276	 -0.02933	 -15.45845	 0.26126	 0.16100	 -0.06696	 0.03409	0.82334	 1.21456	 0.00456	 -0.00544	 -0.02067	 3.79668
-0.81430	 196.00000	 8.64380	 0.02940	 -2.38680	 7.54220	 0.40210	 5.35850	 -0.48750	 -0.87020	0.08310	 -0.62410	 -0.61730	 -0.04710	 0.16790	 3.47100	 -0.03320	 0.05580	 8.52710	 0.00780	-9.70910	 -9.67374	 0.00885	 -0.00178	 -0.02844	 -15.43635	 0.27994	 0.13688	 -0.05661	 0.03718	0.81309	 1.22987	 -0.01201	 0.01248	 0.04473	 3.58400
-0.81430	 230.00000	 9.44490	 0.01660	 -2.60910	 8.27960	 0.45800	 6.00320	 -0.58100	 -0.86850	0.09960	 -0.43280	 0.15350	 -0.06850	 0.16930	 3.78050	 -0.03510	 0.03020	 7.24120	 -0.01930	-10.32060	 -9.72758	 0.00980	 -0.00121	 -0.02532	 -15.44251	 0.29836	 0.12319	 -0.06007	 0.03999	0.77696	 1.28706	 0.03961	 -0.04445	 -0.10568	 2.37756
-0.81430	 274.00000	 10.27260	 -0.01410	 -2.83820	 8.72260	 0.56200	 6.62390	 -0.67530	 -0.70580	0.10320	 -0.25000	 0.30720	 -0.09220	 0.10780	 3.17470	 -0.01760	 -0.06090	 6.27700	 -0.03820	-10.95590	 -8.68877	 0.01058	 -0.00070	 -0.02462	 -15.44486	 0.30500	 0.09285	 -0.05349	 0.04294	0.82267	 1.21555	 0.12492	 -0.15242	 -0.26930	 1.76678
-0.81430	 331.00000	 11.10590	 -0.03030	 -3.03820	 9.09850	 0.72890	 7.18820	 -0.77010	 -0.63590	0.12340	 0.18050	 0.33350	 -0.12090	 0.07470	 2.72450	 0.00140	 -0.08380	 5.38250	 -0.09260	-11.81400	 -9.10362	 0.01132	 0.00019	 -0.02487	 -15.29985	 0.29904	 0.07863	 -0.05391	 0.04584	0.93458	 1.07000	 -1.03695	 -0.51300	 -0.65158	 1.27013
-0.81430	 406.00000	 11.73830	 -0.02820	 -3.25410	 9.05380	 0.92240	 7.66800	 -0.85780	 -0.36010	0.09170	 0.47050	 0.45010	 -0.07310	 -0.05280	 2.10020	 0.14190	 -0.15380	 4.06490	 -0.10390	-11.22290	 -6.10182	 0.01173	 0.00105	 -0.02242	 -15.49448	 0.29683	 0.04322	 -0.03448	 0.04889	1.06922	 0.93526	 -0.20433	 -0.21142	 -1.15221	 5.44979
-0.81430	 503.00000	 12.59270	 -0.05870	 -3.39010	 9.23690	 1.07800	 8.19410	 -0.91550	 -0.01900	0.07280	 0.69530	 0.18880	 -0.03290	 -0.14730	 1.39050	 0.25660	 -0.30430	 3.96070	 -0.09590	-11.37910	 -4.54656	 0.01231	 0.00169	 -0.02211	 -15.06746	 0.29013	 0.00218	 -0.02449	 0.04962	1.17379	 0.85194	 -0.11203	 -0.12940	 -0.63540	 4.91049
-0.81430	 631.00000	 13.31180	 -0.09750	 -3.51000	 9.38240	 1.36290	 8.56980	 -0.98120	 0.22650	0.04490	 0.99050	 0.08200	 -0.01790	 -0.26370	 0.69530	 0.35740	 -0.50310	 2.94340	 -0.14300	-10.59730	 -2.62004	 0.01284	 0.00228	 -0.01989	 -14.77131	 0.27439	 -0.02526	 -0.01314	 0.05085	1.38756	 0.72069	 -0.11868	 -0.13580	 -0.54104	 3.98403
-0.81430	 797.00000	 13.71980	 -0.09260	 -3.60400	 9.04800	 1.63290	 8.70180	 -0.96060	 0.46650	0.02580	 0.86730	 -0.42240	 -0.06980	 -0.30900	 0.20740	 0.83410	 -0.38660	 1.93280	 -0.03080	-10.30520	 -1.53849	 0.01289	 0.00314	 -0.02032	 -14.71828	 0.24991	 -0.05257	 -0.00684	 0.04958	1.69926	 0.58849	 -0.01844	 -0.02560	 -0.09723	 3.79847
-0.81430	 1013.00000	 13.91850	 -0.11070	 -3.74770	 8.89720	 1.95470	 9.34980	 -0.97200	 0.67120	-0.08860	 0.83390	 -0.25720	 -0.16890	 -0.35330	 0.93330	 0.74810	 -0.31230	 2.97870	 -0.13740	-11.53840	 5.20825	 0.01343	 0.00261	 -0.02160	 -15.07007	 0.23308	 -0.07359	 0.02072	 0.04831	2.00271	 0.49932	 -0.09511	 -0.12265	 -0.35087	 2.86082
-0.81430	 1295.00000	 14.55000	 -0.15720	 -3.76970	 9.30090	 2.27400	 9.76970	 -1.04280	 1.00720	-0.19020	 0.98030	 -0.21130	 -0.32220	 -0.48690	 -0.01100	 0.88920	 -0.47670	 1.46060	 -0.22700	-11.73810	 10.33675	 0.01419	 0.00281	 -0.02097	 -14.52515	 0.22675	 -0.10566	 0.04035	 0.04966	2.14528	 0.46614	 -0.13820	 -0.17151	 -0.38880	 2.26685
-0.81430	 1664.00000	 14.83420	 -0.21170	 -3.78830	 9.41500	 2.73860	 9.73910	 -1.02580	 1.25190	-0.32250	 1.15910	 -0.78720	 -0.50220	 -0.68020	 -0.19360	 1.25660	 -0.30950	 1.23070	 -0.38880	-11.86270	 17.45256	 0.01456	 0.00338	 -0.02191	 -14.32578	 0.20202	 -0.13074	 0.06245	 0.04912	2.54682	 0.39265	 -0.19182	 -0.22743	 -0.45984	 2.02193
-0.81430	 2144.00000	 15.17640	 -0.22750	 -3.81730	 9.55130	 3.18390	 9.95270	 -1.11480	 1.69500	-0.47620	 1.12630	 -1.19030	 -0.78990	 -0.80450	 -1.18760	 1.57930	 -0.29290	 -0.29190	 -0.93970	-12.77330	 23.13032	 0.01509	 0.00284	 -0.02372	 -14.11865	 0.20216	 -0.17385	 0.08459	 0.05343	2.62644	 0.38074	 -0.53214	 -0.48444	 -0.83347	 1.72049
-0.81430	 2770.00000	 15.43880	 -0.27310	 -3.66830	 9.86730	 3.69560	 10.17580	 -1.21340	 2.03720	-0.59670	 1.29840	 -0.08120	 -1.48480	 -1.07020	 -1.37210	 2.05900	 -0.19820	 -0.76310	 -0.73460	-12.72160	 26.18605	 0.01579	 0.00403	 -0.02195	 -13.36579	 0.20094	 -0.20331	 0.09730	 0.05696	2.73307	 0.36589	 -0.28008	 -0.30178	 -0.40136	 1.32995
-0.81430	 3587.00000	 16.05650	 -0.32530	 -3.39270	 10.11840	 4.32530	 10.32110	 -1.32920	 2.43510	-0.84210	 1.19120	 -1.09400	 -2.04400	 -1.78420	 -3.39860	 2.34350	 0.20670	 -2.60650	 -0.69830	-15.92800	 32.35585	 0.01647	 0.00418	 -0.02808	 -11.93097	 0.20092	 -0.23829	 0.12604	 0.06354	2.74884	 0.36379	 -0.24619	 -0.26563	 -0.25737	 0.96893
-0.81430	 4652.00000	 16.51450	 -0.31210	 -2.91540	 10.22980	 4.93140	 9.72260	 -1.73990	 2.66930	-0.97530	 1.28260	 -1.81690	 -2.26500	 -2.01300	 -4.55690	 2.36010	 0.49230	 -3.98420	 -0.19760	-11.42320	 29.27279	 0.01655	 0.00505	 -0.02272	 -10.01160	 0.24497	 -0.26765	 0.14085	 0.08016	2.47237	 0.40447	 -0.05736	 -0.07356	 -0.06521	 0.88643
-0.81430	 6041.00000	 16.80210	 -0.37880	 -2.56650	 11.23570	 5.76940	 9.99020	 -2.05950	 3.16690	-1.10120	 1.98760	 -2.41480	 -3.74200	 -3.36850	 -6.17640	 3.07290	 1.18900	 -5.90320	 0.61310	-12.52420	 28.13310	 0.01795	 0.00766	 -0.02524	 -8.68473	 0.25580	 -0.29891	 0.14505	 0.08651	2.47039	 0.40479	 0.10806	 0.16753	 0.12177	 0.72688
-0.81430	 7852.00000	 17.42570	 -0.35760	 -1.92190	 11.97700	 6.21380	 9.53720	 -2.21550	 3.36210	-1.18610	 2.90580	 -4.43600	 -4.42830	 -5.69000	 -9.28460	 3.84280	 2.20720	 -12.18650	 2.75030	-15.22660	 28.16301	 0.01844	 0.01249	 -0.03169	 -6.29378	 0.25681	 -0.31458	 0.15408	 0.09063	2.47264	 0.40443	 0.28954	 0.57087	 0.38145	 0.66819
-0.81430	 10215.00000	 18.00560	 -0.37890	 -1.36570	 13.46460	 6.83560	 9.25000	 -2.66830	 3.52860	-1.31480	 5.42570	 -6.39130	 -6.08740	 -8.38020	 -12.28580	 5.35250	 3.41910	 -18.60970	 4.84100	-16.81070	 26.23169	 0.01965	 0.01928	 -0.03615	 -4.33750	 0.27813	 -0.31618	 0.16535	 0.10066	2.29795	 0.43517	 0.30994	 0.63518	 0.46738	 0.73582
-0.81430	 13296.00000	 18.71200	 -0.43390	 -0.67490	 14.67490	 6.81470	 8.18300	 -2.73700	 2.92990	-0.92750	 7.81140	 -6.77560	 -4.91750	 -11.06600	 -14.10680	 3.36920	 3.62370	 -30.67910	 5.35630	-13.87930	 18.72022	 0.01973	 0.02033	 -0.03143	 -2.06564	 0.27369	 -0.26737	 0.12420	 0.09739	2.35812	 0.42407	 0.32390	 0.62963	 0.44232	 0.70251
-0.81430	 17314.00000	 19.71540	 -0.38630	 -0.03230	 15.15200	 6.60390	 7.22690	 -2.96650	 2.15400	-0.74540	 11.26770	 -7.50480	 -4.42610	 -14.30750	 -14.83430	 4.09710	 3.67160	 -46.31540	 8.53550	-12.31600	 14.10485	 0.01927	 0.03007	 -0.03051	 -0.09387	 0.29656	 -0.20584	 0.10790	 0.10554	2.15904	 0.46317	 0.35713	 0.71192	 0.56993	 0.80055
-0.81430	 22554.00000	 20.98410	 -0.37970	 0.51630	 14.86250	 5.82440	 6.24020	 -2.84870	 1.44410	-0.32580	 14.00780	 -6.76260	 -3.21910	 -16.43380	 -14.99920	 2.87250	 2.62120	 -63.11180	 9.34880	-9.64210	 6.52445	 0.01791	 0.03552	 -0.02658	 1.40944	 0.30618	 -0.14995	 0.05404	 0.10648	2.03134	 0.49229	 0.35643	 0.65379	 0.55827	 0.85389
-0.81430	 29389.00000	 22.39980	 -0.41060	 0.78100	 13.42380	 4.86700	 5.37610	 -2.47420	 0.71970	-0.19510	 11.11750	 -3.32420	 -1.77530	 -11.47970	 -9.50190	 2.45780	 1.75450	 -38.84660	 7.94820	-4.45850	 4.50866	 0.01574	 0.03317	 -0.01473	 1.99689	 0.30610	 -0.08472	 0.03814	 0.10487	1.96101	 0.50994	 0.36928	 0.69807	 0.68424	 0.98018
-0.81430	 40085.00000	 24.50800	 -0.57410	 0.85040	 10.77140	 4.16310	 4.55040	 -0.51660	 0.25060	-0.22980	 1.73830	 -0.82130	 -0.78760	 -2.86260	 -1.82600	 0.81480	 0.52030	 -5.26270	 2.80490	-1.25990	 23.98101	 0.01296	 0.01003	 -0.00537	 1.98730	 0.07715	 -0.03579	 0.05280	 0.02902	7.36303	 0.13581	 0.52350	 1.46105	 0.94474	 0.64662
-0.81430	 45165.00000	 25.97180	 -0.61440	 0.86070	 1.19370	 2.56510	 2.20720	 -0.16110	 0.05860	-0.16700	 0.33850	 -0.15330	 -0.14630	 -0.63890	 -0.45640	 0.35410	 0.06490	 -1.13090	 1.00870	-0.61520	 46.03020	 0.00397	 0.01040	 -0.00559	 1.89808	 0.09207	 -0.03610	 0.07018	 0.03889	11.05460	 0.09046	 0.59290	 2.05913	 1.53897	 0.74739
-0.81430	 50245.00000	 26.31280	 -0.54950	 0.78170	 1.09090	 1.66480	 1.41090	 -0.10890	 0.03620	-0.24560	 0.42160	 -0.10490	 -0.06080	 -0.50590	 -0.41720	 0.52910	 0.08950	 -0.68250	 1.19370	0.07610	 66.08731	 0.00277	 0.01877	 -0.00078	 1.70164	 0.08081	 -0.02918	 0.16025	 0.06448	6.19666	 0.16138	 0.55666	 1.76444	 2.34270	 1.32773
-0.81430	 55325.00000	 26.57170	 -0.76750	 0.60730	 0.44200	 0.93250	 0.65350	 0.06206	 0.00980	-0.08490	 0.02750	 0.00360	 -0.00140	 -0.02430	 0.00320	 0.11690	 0.00560	 0.03220	 0.34510	-0.01420	 -53.83315	 0.00135	 0.00880	 -0.00022	 1.30928	 -0.09667	 -0.01823	 0.10876	 0.05186	8.86701	 0.11278	 0.70501	 2.87365	 14.17814	 4.93384
-0.81430	 60405.00000	 26.57790	 -0.88120	 0.49060	 0.24890	 0.57160	 0.38220	 0.05182	 0.01190	-0.04820	 0.02700	 -0.01140	 -0.02050	 0.00000	 -0.00250	 0.05700	 0.00580	 0.03060	 0.12610	-0.04750	 -42.92666	 0.00080	 0.00637	 -0.00241	 1.05750	 -0.13739	 -0.03858	 0.10312	 0.05884	8.07666	 0.12381	 0.60019	 1.99932	 6.15122	 3.07665
-0.81430	 65485.00000	 26.62750	 -0.86310	 0.37120	 0.20010	 0.49490	 0.32280	 0.04951	 -0.00220	-0.03320	 -0.00160	 -0.00210	 -0.00480	 -0.01680	 0.00130	 0.01090	 0.00050	 0.00740	 0.02200	-0.03150	 -33.84415	 0.00068	 0.00112	 -0.00138	 0.79868	 -0.15733	 0.00866	 0.08306	 0.05857	8.30203	 0.12045	 0.70288	 1.99695	 1.25914	 0.63053
-0.81430	 70565.00000	 26.67310	 -0.84190	 0.30120	 0.17470	 0.43900	 0.29930	 0.04913	 0.00260	-0.02040	 -0.00200	 0.00020	 0.00570	 -0.01510	 -0.00550	 -0.00320	 0.00390	 -0.00160	 0.00610	-0.00580	 -22.55109	 0.00061	 0.00004	 0.00000	 0.64697	 -0.17739	 -0.01137	 0.05628	 0.05826	8.25292	 0.12117	 6.77778	 1.61650	 0.37794	 0.23380
-0.81430	 75645.00000	 26.69360	 -0.87120	 0.23810	 0.16740	 0.42730	 0.28220	 0.05167	 -0.00330	-0.01520	 -0.00110	 0.00040	 0.00110	 -0.00730	 0.00300	 -0.00050	 0.00400	 0.00320	 0.01210	-0.01070	 -16.39344	 0.00058	 0.00044	 -0.00038	 0.51105	 -0.19318	 0.01518	 0.04377	 0.06142	7.93405	 0.12604	 1.15238	 10.01403	 1.63903	 0.16367
-0.81430	 80725.00000	 26.73900	 -0.85860	 0.18740	 0.15580	 0.40350	 0.25310	 0.04805	 -0.00460	-0.01000	 -0.00720	 0.00020	 0.00480	 -0.01500	 0.00260	 -0.00020	 0.00210	 -0.00280	 -0.01040	-0.01850	 -11.75686	 0.00054	 -0.00080	 -0.00061	 0.40155	 -0.19163	 0.02316	 0.03129	 0.06041	8.22167	 0.12163	 0.58427	 -1.44389	 -0.66035	 0.45734
-0.81430	 85805.00000	 26.74870	 -0.82480	 0.13160	 0.14350	 0.39560	 0.26340	 0.04882	 -0.00680	-0.01870	 -0.00270	 -0.00030	 0.00290	 -0.01230	 -0.00200	 0.00410	 0.00430	 -0.00210	 -0.01460	-0.01350	 -20.95961	 0.00053	 -0.00060	 -0.00050	 0.28189	 -0.20489	 0.03498	 0.05793	 0.06514	7.56738	 0.13215	 1.10606	 -2.97402	 -1.15531	 0.38847
-0.81430	 90885.00000	 26.79960	 -0.78670	 0.07150	 0.14380	 0.41830	 0.24640	 0.05236	 -0.00430	-0.00610	 -0.00320	 0.00070	 0.00570	 -0.02220	 0.00150	 0.00240	 0.00620	 -0.00080	 -0.01130	-0.00700	 -6.64507	 0.00054	 -0.00055	 -0.00003	 0.15286	 -0.21349	 0.02284	 0.01900	 0.06520	7.93525	 0.12602	 0.93388	 -2.82500	 -0.49302	 0.17452
-0.81430	 95965.00000	 26.81310	 -0.77570	 0.03710	 0.14520	 0.39730	 0.22540	 0.04366	 -0.00600	-0.00840	 -0.00840	 0.00230	 0.00550	 -0.01770	 -0.00010	 0.00080	 0.00690	 -0.00380	 -0.00860	-0.00550	 -10.89064	 0.00051	 -0.00077	 0.00011	 0.07928	 -0.18177	 0.03317	 0.02807	 0.05790	8.93618	 0.11190	 0.53086	 -1.01920	 -0.46399	 0.45525
-0.81430	 101045.00000	 26.82570	 -0.76600	 -0.03610	 0.14390	 0.41000	 0.23700	 0.04712	 -0.00830	-0.01340	 -0.00560	 -0.00110	 -0.00500	 -0.00800	 0.00450	 0.00070	 -0.00230	 -0.00380	 0.00180	-0.00810	 -15.87343	 0.00053	 -0.00014	 -0.00065	 -0.07710	 -0.19401	 0.04494	 0.04299	 0.06194	8.36869	 0.11949	 -0.58065	 0.31895	 0.19080	 0.59822
