-0.97720	 111.00000	 6.29450	 0.04900	 -1.62030	 5.37900	 0.24820	 2.71260	 -0.23690	 -0.66710	0.03790	 -0.67510	 -0.72650	 -0.02590	 0.12350	 2.11750	 -0.04530	 0.09680	 9.65060	 0.02250	-3.03370	 -9.08933	 0.00553	 -0.00305	 -0.01653	 -14.43541	 0.20503	 0.17464	 -0.04619	 0.02877	1.03454	 0.96661	 -0.03224	 0.03325	 0.17831	 5.36204
-0.97720	 126.00000	 6.63790	 0.05630	 -1.69760	 5.51500	 0.28430	 2.87380	 -0.25540	 -0.73540	0.05920	 -0.64630	 -0.77500	 -0.02110	 0.13270	 1.87310	 -0.02410	 0.14640	 8.96490	 0.01970	-2.91420	 -13.05031	 0.00575	 -0.00273	 -0.01558	 -14.34555	 0.20397	 0.18472	 -0.06549	 0.03023	1.08441	 0.92216	 -0.03028	 0.03046	 0.14661	 4.81330
-0.97720	 146.00000	 7.39300	 0.01620	 -1.96870	 6.21360	 0.28780	 3.32370	 -0.35210	 -0.83370	0.06380	 -0.63920	 -0.85060	 -0.02420	 0.15490	 2.19510	 -0.04510	 0.09680	 9.02270	 -0.00300	-3.80520	 -10.27048	 0.00651	 -0.00255	 -0.01735	 -14.91140	 0.26330	 0.18345	 -0.06523	 0.03642	0.80428	 1.24334	 0.00436	 -0.00468	 -0.01914	 4.08721
-0.97720	 172.00000	 8.11990	 0.00960	 -2.20690	 6.94660	 0.32150	 3.87540	 -0.42530	 -0.96840	0.07690	 -0.68660	 -0.58570	 -0.02880	 0.15590	 2.44060	 -0.01320	 0.04730	 8.06060	 0.00780	-5.71890	 -10.24912	 0.00739	 -0.00226	 -0.02070	 -15.20507	 0.28459	 0.18664	 -0.06889	 0.03878	0.74387	 1.34431	 -0.01127	 0.01136	 0.04920	 4.33163
-0.97720	 206.00000	 9.04010	 0.00780	 -2.42780	 7.66500	 0.39430	 4.31180	 -0.50890	 -0.94330	0.08020	 -0.50650	 -0.07900	 -0.03910	 0.13320	 2.17070	 0.01160	 0.06980	 6.67620	 -0.00450	-5.35390	 -8.95586	 0.00820	 -0.00147	 -0.01611	 -15.03259	 0.29273	 0.16408	 -0.06151	 0.04164	0.76536	 1.30657	 0.00901	 -0.00888	 -0.03242	 3.64956
-0.97720	 250.00000	 9.88690	 -0.00640	 -2.66000	 8.34290	 0.49370	 4.79510	 -0.62970	 -0.84420	0.09110	 -0.32530	 0.38980	 -0.02500	 0.14360	 1.87510	 0.03690	 -0.03420	 5.06360	 -0.05180	-6.25620	 -8.23198	 0.00904	 -0.00091	 -0.01574	 -15.05845	 0.31027	 0.13347	 -0.05921	 0.04667	0.77595	 1.28875	 0.15226	 -0.15822	 -0.35538	 2.24606
-0.97720	 307.00000	 10.61640	 -0.02620	 -2.92620	 9.00730	 0.57880	 5.02210	 -0.72820	 -0.96300	0.10480	 -0.06120	 0.66370	 -0.03450	 0.13730	 1.93640	 0.03190	 -0.13690	 4.65370	 -0.11240	-5.96800	 -8.18958	 0.00969	 -0.00035	 -0.01331	 -15.40981	 0.31893	 0.14318	 -0.06147	 0.05036	0.78673	 1.27108	 0.79323	 -1.62863	 -0.79396	 0.48750
-0.97720	 382.00000	 11.87300	 -0.05200	 -3.21250	 9.24090	 0.79060	 5.68480	 -0.80530	 -0.70050	0.09170	 0.47330	 0.59990	 -0.00530	 -0.07000	 1.34050	 0.20670	 -0.24470	 1.66150	 -0.06650	-6.12950	 -6.49632	 0.01042	 0.00142	 -0.01283	 -15.14011	 0.29794	 0.09665	 -0.04325	 0.05157	0.97544	 1.02518	 -0.10839	 -0.12876	 -0.94729	 7.35704
-0.97720	 479.00000	 12.61960	 -0.09960	 -3.39230	 8.69750	 1.06370	 6.31800	 -0.96670	 -0.34100	0.10410	 0.63210	 0.51830	 0.02590	 -0.11340	 0.71670	 0.24010	 -0.30050	 -0.19850	 -0.10780	-6.39330	 -6.14627	 0.01066	 0.00173	 -0.01325	 -15.04611	 0.31782	 0.04600	 -0.04016	 0.06047	1.09402	 0.91406	 -0.14103	 -0.15943	 -0.92675	 5.81296
-0.97720	 607.00000	 13.36310	 -0.07080	 -3.56020	 8.94920	 1.24510	 6.42440	 -0.91990	 -0.15320	0.04950	 0.87280	 0.17200	 -0.00700	 -0.19630	 0.22530	 0.29560	 -0.31670	 -0.50320	 -0.01300	-6.06040	 -3.08013	 0.01102	 0.00253	 -0.01292	 -14.91823	 0.27558	 0.02020	 -0.01750	 0.05543	1.35156	 0.73989	 -0.01125	 -0.01411	 -0.06618	 4.69136
-0.97720	 773.00000	 13.78490	 -0.07570	 -3.63880	 8.67660	 1.53870	 6.92360	 -0.95020	 0.17590	0.00870	 0.95230	 0.08870	 -0.00780	 -0.42920	 -0.37380	 0.53450	 -0.37930	 0.01150	 -0.01060	-6.06890	 -0.52458	 0.01136	 0.00314	 -0.01272	 -14.78707	 0.26005	 -0.02269	 -0.00267	 0.05544	1.61928	 0.61756	 -0.00718	 -0.00971	 -0.02469	 2.54396
-0.97720	 989.00000	 14.20510	 -0.12580	 -3.73220	 8.59300	 1.72480	 7.23660	 -0.98430	 0.52090	-0.07050	 0.78140	 -0.62500	 -0.14650	 -0.47680	 -1.05180	 0.46700	 -0.21660	 -0.95710	 0.01740	-6.68740	 4.09679	 0.01164	 0.00263	 -0.01547	 -14.72099	 0.25567	 -0.06606	 0.01996	 0.05622	1.74783	 0.57214	 0.01375	 0.01911	 0.03488	 1.82502
-0.97720	 1271.00000	 14.75130	 -0.11380	 -3.72560	 8.42410	 1.95070	 6.96190	 -0.99500	 0.69910	-0.12560	 0.83150	 -0.65810	 -0.15140	 -0.44840	 -0.71470	 0.66440	 -0.25220	 -1.79140	 0.06640	-6.01230	 7.19446	 0.01150	 0.00328	 -0.01433	 -14.17425	 0.24545	 -0.09129	 0.03408	 0.05785	1.94507	 0.51412	 0.04250	 0.06239	 0.14030	 2.24891
-0.97720	 1640.00000	 15.13030	 -0.10960	 -3.71600	 8.53540	 2.25140	 7.06910	 -1.05030	 1.04260	-0.23330	 1.00350	 -1.28220	 -0.31520	 -0.71100	 -1.74830	 0.90890	 -0.21380	 -2.90920	 0.01420	-6.62070	 12.52361	 0.01184	 0.00393	 -0.01676	 -13.79872	 0.23959	 -0.13422	 0.05848	 0.06025	2.09258	 0.47788	 0.00737	 0.01049	 0.01826	 1.74086
-0.97720	 2120.00000	 15.51660	 -0.16150	 -3.63700	 8.87930	 2.65980	 7.24910	 -1.09610	 1.27330	-0.38650	 1.18840	 -1.78720	 -0.52720	 -0.94510	 -2.50530	 1.21810	 -0.06710	 -3.91970	 -0.34130	-7.10930	 19.42335	 0.01246	 0.00400	 -0.01827	 -13.19165	 0.22555	 -0.15871	 0.08802	 0.06186	2.28850	 0.43697	 -0.16526	 -0.20055	 -0.31538	 1.57252
-0.97720	 2746.00000	 16.00870	 -0.17980	 -3.46210	 8.92980	 3.01920	 7.26620	 -1.21480	 1.57530	-0.49560	 1.14650	 -1.63570	 -0.96780	 -1.26920	 -3.37020	 1.39100	 0.05150	 -4.65450	 -0.38250	-8.42740	 22.19391	 0.01274	 0.00408	 -0.02091	 -12.20307	 0.23396	 -0.19556	 0.10581	 0.06828	2.30121	 0.43455	 -0.17749	 -0.21219	 -0.23965	 1.12938
-0.97720	 3563.00000	 16.38310	 -0.18100	 -3.24530	 9.39030	 3.44440	 7.83890	 -1.29030	 2.04360	-0.65270	 1.22060	 -2.70200	 -1.44830	 -1.88280	 -5.00540	 1.53500	 0.33020	 -6.97980	 -0.32560	-11.01120	 26.83263	 0.01371	 0.00428	 -0.02671	 -11.20457	 0.22688	 -0.23819	 0.12561	 0.06994	2.38203	 0.41981	 -0.13399	 -0.16603	 -0.13707	 0.82561
-0.97720	 4628.00000	 16.80060	 -0.17790	 -2.89060	 9.65780	 3.91530	 7.44230	 -1.52900	 2.29040	-0.85580	 2.17330	 -3.83140	 -2.07180	 -2.91280	 -6.22130	 2.41860	 1.30510	 -9.32110	 0.43540	-11.49940	 29.23627	 0.01393	 0.00871	 -0.03016	 -9.76235	 0.24865	 -0.27016	 0.15854	 0.08338	2.23449	 0.44753	 0.08661	 0.13390	 0.12181	 0.90967
-0.97720	 6017.00000	 17.23440	 -0.26580	 -2.49380	 10.31610	 4.38360	 7.75190	 -1.59340	 2.68030	-0.88990	 2.51880	 -4.81720	 -2.65460	 -4.37010	 -8.33850	 2.43040	 1.55140	 -12.91810	 0.60430	-13.65880	 29.18298	 0.01489	 0.00901	 -0.03427	 -8.23349	 0.23695	 -0.29972	 0.15266	 0.08129	2.40189	 0.41634	 0.10881	 0.17265	 0.11818	 0.68454
-0.97720	 7828.00000	 17.88140	 -0.21250	 -1.96210	 11.24070	 4.78380	 7.40790	 -2.02980	 2.77310	-1.09920	 4.79400	 -7.19490	 -3.63200	 -6.39630	 -10.57820	 4.00490	 2.93180	 -20.37290	 2.59550	-14.06500	 28.43693	 0.01554	 0.01771	 -0.03868	 -6.26193	 0.27680	 -0.30389	 0.18465	 0.09851	2.07242	 0.48253	 0.22779	 0.41550	 0.35286	 0.84925
-0.97720	 10191.00000	 19.22490	 -0.22130	 -0.95920	 9.08010	 4.07090	 5.39170	 -2.26030	 1.59760	-0.68420	 5.69840	 -5.05220	 -2.41850	 -5.00730	 -6.90370	 2.42280	 2.36920	 -18.71390	 3.08460	-4.89260	 16.84123	 0.01230	 0.02201	 -0.02428	 -2.85633	 0.37177	 -0.22833	 0.14604	 0.12736	1.72380	 0.58011	 0.27527	 0.49815	 0.55471	 1.11353
-0.97720	 13272.00000	 20.11830	 -0.27430	 -0.44390	 8.79740	 3.88580	 4.82720	 -2.14470	 1.33550	-0.54990	 7.28400	 -5.61270	 -2.19960	 -6.32350	 -7.47480	 2.26280	 2.24780	 -25.12480	 4.51930	-4.87770	 14.38082	 0.01161	 0.02925	 -0.02639	 -1.26400	 0.36682	 -0.20494	 0.12697	 0.12644	1.75504	 0.56979	 0.32129	 0.59251	 0.67501	 1.13924
-0.97720	 17290.00000	 21.03830	 -0.28100	 0.07700	 8.08830	 3.55450	 4.32620	 -2.02740	 0.88300	-0.35320	 7.97190	 -4.05680	 -1.83680	 -6.60580	 -7.29190	 1.89590	 1.99110	 -27.13720	 4.08690	-3.41890	 9.88250	 0.01059	 0.03182	 -0.02124	 0.20970	 0.37811	 -0.14927	 0.09007	 0.12887	1.72722	 0.57897	 0.29287	 0.49875	 0.59607	 1.19512
-0.97720	 22530.00000	 22.27020	 -0.30610	 0.53010	 6.59660	 2.97870	 3.59820	 -1.54680	 0.56960	-0.24400	 5.86680	 -2.75400	 -1.40280	 -5.36120	 -5.99410	 1.58220	 1.22230	 -23.52290	 4.16790	-3.21580	 8.96426	 0.00874	 0.03211	 -0.02038	 1.36356	 0.34895	 -0.11691	 0.07453	 0.11887	1.90220	 0.52571	 0.35878	 0.68592	 0.75210	 1.09649
-0.97720	 29365.00000	 23.73940	 -0.40560	 0.87970	 4.87480	 1.89600	 2.45600	 -0.93480	 0.32540	-0.07730	 3.74000	 -1.83590	 -0.47210	 -2.82410	 -3.36460	 0.71930	 0.56300	 -19.07030	 1.45140	-1.34720	 4.72712	 0.00612	 0.02333	 -0.01443	 2.12221	 0.30748	 -0.09404	 0.03582	 0.10166	2.02134	 0.49472	 0.24555	 0.38109	 0.50690	 1.33013
-0.97720	 40061.00000	 25.34410	 -0.27010	 1.02010	 2.21660	 1.30330	 1.48460	 -0.39800	 0.21080	-0.09910	 0.98720	 -0.90600	 -0.35520	 -1.20690	 -1.33770	 0.38840	 0.20460	 -4.86610	 0.90130	-1.31380	 13.98203	 0.00332	 0.01657	 -0.01874	 2.30491	 0.23416	 -0.11620	 0.07124	 0.08196	3.17760	 0.31470	 0.39585	 0.84960	 0.71641	 0.84323
-0.97720	 45141.00000	 26.07970	 -0.21950	 1.10460	 1.16280	 1.22240	 0.99230	 -0.18930	 0.07320	-0.12620	 0.45010	 -0.18150	 -0.12400	 -0.53360	 -0.33480	 0.25460	 0.08600	 -1.37090	 0.69030	-0.25510	 33.69007	 0.00224	 0.01504	 -0.00604	 2.42530	 0.15878	 -0.06815	 0.11459	 0.06736	5.37294	 0.18612	 0.49484	 1.33490	 1.26009	 0.94396
-0.97720	 50221.00000	 26.45930	 -0.28960	 0.97310	 0.61290	 1.07380	 0.84280	 -0.03870	 0.02570	-0.12400	 0.14750	 -0.05510	 -0.12570	 -0.19000	 -0.12250	 0.24270	 0.04400	 -0.19470	 0.66150	-0.33400	 72.66703	 0.00168	 0.01514	 -0.00741	 2.10623	 0.04770	 -0.03576	 0.13035	 0.05135	8.26644	 0.12097	 0.62898	 2.32917	 2.90365	 1.24664
-0.97720	 55301.00000	 27.45030	 -0.51220	 0.90250	 0.25730	 0.62100	 0.33220	 0.11410	 -0.00480	-0.05310	 0.01440	 -0.00550	 -0.01320	 -0.02700	 0.00020	 0.03230	 -0.00030	 0.01680	 0.15130	-0.02140	 -24.95639	 0.00080	 0.00596	 -0.00121	 1.88307	 -0.28544	 0.01642	 0.11691	 0.10397	4.93442	 0.20266	 0.76414	 4.27830	 5.03428	 1.17670
-0.97720	 60381.00000	 27.47540	 -0.57760	 0.81640	 0.20240	 0.51460	 0.26450	 0.11230	 -0.00640	-0.04860	 0.00010	 0.00000	 -0.00320	 -0.02140	 0.00140	 0.00650	 0.00920	 0.00260	 0.02560	-0.02190	 -23.40148	 0.00065	 0.00119	 -0.00093	 1.70198	 -0.34797	 0.02766	 0.13173	 0.12467	4.20544	 0.23779	 0.79503	 3.93800	 1.18311	 0.30043
-0.97720	 65461.00000	 27.51280	 -0.57500	 0.75110	 0.18700	 0.49160	 0.23290	 0.12020	 -0.01410	-0.04670	 -0.01120	 -0.00070	 0.00220	 -0.02010	 -0.00050	 0.00350	 0.00540	 -0.00570	 -0.02860	-0.02210	 -21.23210	 0.00060	 -0.00145	 -0.00082	 1.56379	 -0.39644	 0.06756	 0.13801	 0.14147	3.81224	 0.26231	 0.78788	 -2.43733	 -1.41444	 0.58032
-0.97720	 70541.00000	 27.57900	 -0.55940	 0.72270	 0.16400	 0.44140	 0.21690	 0.10550	 -0.01090	-0.03170	 -0.00300	 -0.00170	 -0.00730	 -0.01140	 -0.00180	 -0.00370	 0.00270	 -0.00180	 -0.00880	-0.00540	 -16.72415	 0.00055	 -0.00069	 -0.00064	 1.50108	 -0.39212	 0.05779	 0.10245	 0.13397	4.00691	 0.24957	 0.56774	 -1.84742	 -0.65007	 0.35188
-0.97720	 75621.00000	 27.57760	 -0.59250	 0.64450	 0.16610	 0.44770	 0.21010	 0.11700	 -0.01900	-0.03370	 -0.00620	 0.00050	 0.00420	 -0.01390	 -0.00150	 -0.00140	 0.00420	 -0.00270	 -0.00580	-0.01520	 -16.06821	 0.00055	 -0.00059	 -0.00046	 1.33878	 -0.42905	 0.10171	 0.10988	 0.14778	3.67701	 0.27196	 0.43284	 -0.91251	 -0.39943	 0.43773
-0.97720	 80701.00000	 27.58570	 -0.61860	 0.56500	 0.16540	 0.45410	 0.20370	 0.11600	 -0.01740	-0.03590	 -0.00760	 0.00200	 -0.00430	 -0.00880	 -0.00160	 0.00300	 0.00190	 -0.00290	 -0.01780	-0.00660	 -17.19639	 0.00055	 -0.00099	 -0.00039	 1.17335	 -0.42327	 0.09480	 0.11804	 0.14751	3.73966	 0.26740	 0.79464	 -2.17852	 -1.81737	 0.83422
-0.97720	 85781.00000	 27.61000	 -0.61710	 0.52050	 0.14570	 0.37470	 0.21250	 0.08320	 -0.01310	-0.02270	 -0.00650	 -0.00110	 -0.00060	 -0.00950	 -0.00240	 -0.00320	 0.00220	 -0.00470	 -0.00830	-0.00700	 -15.26095	 0.00049	 -0.00089	 -0.00043	 1.08000	 -0.35608	 0.07445	 0.08045	 0.11767	4.34480	 0.23016	 0.46111	 -1.14562	 -0.87195	 0.76111
-0.97720	 90861.00000	 27.64960	 -0.58970	 0.47100	 0.12830	 0.35510	 0.21520	 0.06940	 -0.00740	-0.01190	 -0.00540	 0.00330	 0.00310	 -0.00850	 0.00070	 -0.00190	 0.00700	 -0.00470	 -0.02730	-0.00870	 -9.72987	 0.00046	 -0.00180	 -0.00012	 0.97592	 -0.32514	 0.04453	 0.04305	 0.10079	5.04311	 0.19829	 0.78902	 -4.76897	 -3.01736	 0.63271
-0.97720	 95941.00000	 27.65020	 -0.58380	 0.42700	 0.13580	 0.40140	 0.21040	 0.06860	 -0.01010	-0.02360	 -0.00850	 0.00360	 0.00270	 -0.01570	 -0.00070	 0.00200	 0.00390	 -0.00610	 -0.01440	-0.00340	 -18.98441	 0.00050	 -0.00102	 0.00014	 0.88474	 -0.29382	 0.05975	 0.08121	 0.09704	5.53304	 0.18073	 0.68900	 -1.64908	 -0.90393	 0.54814
-0.97720	 101021.00000	 27.68770	 -0.58540	 0.36470	 0.13280	 0.39240	 0.18720	 0.06260	 -0.00950	-0.02890	 -0.00960	 0.00060	 0.00100	 -0.01260	 0.00070	 0.00340	 0.00590	 -0.00710	 -0.03360	0.00760	 -24.78094	 0.00047	 -0.00203	 0.00047	 0.75465	 -0.27423	 0.06025	 0.10663	 0.09678	5.69116	 0.17571	 0.84422	 -3.29920	 -2.65831	 0.80574
