-2.44300	 122.00000	 5.44840	 0.05110	 -0.06380	 4.00570	 0.22460	 1.04320	 -0.16800	 -0.03740	-0.00240	 -0.37100	 0.16600	 -0.00010	 0.05630	 0.82510	 0.00850	 -0.00300	 5.44940	 0.01140	-0.01210	 0.81846	 0.00347	 -0.00241	 0.00106	 -0.67089	 0.17712	 0.01830	 0.00496	 0.03186	1.33677	 0.74807	 -0.03247	 0.03072	 0.20249	 6.59142
-2.44300	 142.00000	 6.20060	 0.02030	 -0.10560	 4.77810	 0.23190	 1.18880	 -0.21720	 -0.02480	-0.00490	 -0.52360	 0.14820	 -0.00100	 0.09600	 1.04250	 0.01730	 0.00590	 6.13700	 -0.00180	-0.05270	 1.29237	 0.00408	 -0.00297	 0.00055	 -0.97569	 0.20634	 0.01041	 0.00933	 0.03505	1.06741	 0.93685	 0.00354	 -0.00344	 -0.01875	 5.45685
-2.44300	 168.00000	 7.11420	 0.00650	 -0.12880	 5.50220	 0.25920	 1.41320	 -0.27790	 -0.02610	0.00480	 -0.48720	 0.23410	 -0.00190	 0.10040	 1.12720	 0.03640	 -0.00500	 5.60680	 0.00390	-0.02610	 -0.98954	 0.00472	 -0.00226	 0.00104	 -1.03721	 0.23270	 0.00936	 -0.00793	 0.03874	0.93257	 1.07230	 -0.00873	 0.00798	 0.03884	 4.86524
-2.44300	 202.00000	 7.98790	 -0.00850	 -0.15710	 6.07690	 0.30230	 1.60570	 -0.37200	 -0.02210	-0.00090	 -0.43930	 0.26650	 0.00400	 0.13500	 1.29730	 0.03160	 -0.02530	 4.78200	 -0.01220	-0.09190	 0.13862	 0.00525	 -0.00191	 0.00081	 -1.12670	 0.27446	 0.00707	 0.00129	 0.04659	0.81263	 1.23057	 0.02905	 -0.02770	 -0.09033	 3.26105
-2.44300	 246.00000	 8.80090	 -0.01900	 -0.19490	 6.59450	 0.39190	 1.80390	 -0.47320	 -0.04310	0.00350	 -0.34500	 0.37500	 0.00630	 0.12420	 1.31120	 0.05790	 -0.03170	 3.43290	 -0.02640	0.01770	 -0.42378	 0.00578	 -0.00129	 0.00165	 -1.26863	 0.29435	 0.01250	 -0.00416	 0.05383	0.82817	 1.20748	 0.08421	 -0.07547	 -0.21229	 2.81301
-2.44300	 303.00000	 9.85120	 -0.03700	 -0.22740	 6.89600	 0.47220	 1.98990	 -0.60190	 -0.01570	-0.00280	 -0.02800	 0.22530	 0.01290	 0.08720	 1.33300	 0.07630	 -0.05770	 1.63440	 -0.05170	0.02760	 0.26653	 0.00616	 -0.00001	 0.00103	 -1.32235	 0.33355	 0.00424	 0.00289	 0.06432	0.78451	 1.27469	 15.20588	 -0.63611	 -0.58651	 0.92202
-2.44300	 378.00000	 10.62440	 -0.03840	 -0.26640	 6.74560	 0.60850	 2.20580	 -0.67290	 0.02560	-0.00500	 0.25390	 0.28150	 0.01670	 0.03940	 1.14750	 0.05690	 -0.06440	 0.35340	 -0.07710	0.12250	 0.42573	 0.00629	 0.00089	 0.00160	 -1.43635	 0.33213	 -0.00664	 0.00432	 0.07039	0.90427	 1.10586	 -0.32991	 -0.29631	 -1.80169	 6.08036
-2.44300	 475.00000	 11.52990	 -0.04560	 -0.25480	 6.63350	 0.73710	 2.35480	 -0.75390	 0.08180	-0.00830	 0.51460	 0.25310	 0.02480	 0.01710	 1.02550	 0.06880	 -0.05540	 -0.33810	 -0.09470	-0.00870	 0.63077	 0.00640	 0.00182	 0.00100	 -1.26598	 0.34094	 -0.02070	 0.00630	 0.07752	0.97766	 1.02285	 -0.19378	 -0.18240	 -3.14368	 17.23477
-2.44300	 603.00000	 12.22240	 -0.04570	 -0.27310	 5.96910	 0.92590	 2.46410	 -0.79890	 0.06330	0.00000	 0.74430	 0.10650	 0.02630	 -0.09850	 0.78360	 0.11410	 -0.02940	 -0.73930	 -0.01460	0.26430	 0.00000	 0.00616	 0.00327	 0.00154	 -1.28002	 0.33983	 -0.01651	 0.00000	 0.08536	1.15897	 0.86284	 -0.01730	 -0.01939	 -0.14321	 7.38587
-2.44300	 769.00000	 12.78880	 -0.06030	 -0.25570	 5.55750	 1.09530	 2.52070	 -0.82800	 0.09530	-0.01930	 0.70150	 0.11660	 0.01620	 -0.17820	 0.52390	 0.11580	 -0.03810	 -0.35680	 0.05160	0.18470	 1.33528	 0.00603	 0.00344	 0.00126	 -1.14542	 0.33560	 -0.02546	 0.01162	 0.09028	1.32247	 0.75616	 0.05939	 0.07257	 0.28837	 3.97348
-2.44300	 985.00000	 13.34640	 -0.07380	 -0.26430	 5.20150	 1.25360	 2.52630	 -0.83170	 0.09870	-0.01500	 0.56770	 0.07700	 0.05340	 -0.14070	 0.48640	 0.10740	 -0.05680	 0.57530	 0.03380	0.20300	 1.03324	 0.00591	 0.00286	 0.00135	 -1.13449	 0.32570	 -0.02723	 0.00843	 0.09262	1.50703	 0.66356	 0.04768	 0.05850	 0.22460	 3.83919
-2.44300	 1267.00000	 13.90910	 -0.06390	 -0.24630	 4.91730	 1.32760	 2.47980	 -0.84190	 0.14600	-0.02670	 0.46490	 0.13770	 0.03020	 -0.13210	 0.33920	 0.14390	 -0.08030	 0.67690	 0.13210	0.14260	 1.81647	 0.00574	 0.00308	 0.00129	 -1.01448	 0.32951	 -0.04181	 0.01472	 0.09654	1.57612	 0.63447	 0.17830	 0.27144	 0.97485	 3.59138
-2.44300	 1636.00000	 14.41420	 -0.08490	 -0.21360	 4.72150	 1.38690	 2.39910	 -0.78980	 0.13020	-0.01380	 0.27700	 0.20730	 0.04050	 -0.06020	 0.40480	 0.08750	 -0.00090	 1.02990	 0.11270	0.23590	 1.00101	 0.00560	 0.00203	 0.00206	 -0.84899	 0.30864	 -0.03869	 0.00757	 0.09285	1.75575	 0.56956	 0.23617	 0.38796	 1.55330	 4.00372
-2.44300	 2116.00000	 14.94040	 -0.07060	 -0.17980	 4.71990	 1.44790	 2.33900	 -0.82460	 0.15790	-0.03120	 0.11860	 0.18980	 0.02820	 -0.07640	 0.29690	 0.14140	 -0.00590	 1.16450	 0.10580	0.10310	 2.16684	 0.00560	 0.00156	 0.00137	 -0.68949	 0.31543	 -0.04752	 0.01695	 0.09700	1.75463	 0.56992	 0.28923	 0.57328	 1.29914	 2.26617
-2.44300	 2742.00000	 15.59560	 -0.05760	 -0.15480	 4.70370	 1.45820	 2.34500	 -0.85360	 0.15360	-0.01240	 0.09780	 0.11910	 0.00490	 -0.05560	 0.23410	 0.10490	 0.02200	 1.18610	 0.06790	0.02800	 0.83226	 0.00560	 0.00115	 0.00065	 -0.56869	 0.32593	 -0.04625	 0.00671	 0.10035	1.70811	 0.58544	 0.25092	 0.47344	 1.21651	 2.56951
-2.44300	 3559.00000	 16.20860	 -0.03150	 -0.11710	 4.68880	 1.49990	 2.28470	 -0.88220	 0.17300	-0.00040	 0.21440	 0.11930	 -0.01910	 -0.14480	 0.21020	 0.12740	 0.04770	 0.71280	 0.10820	-0.01130	 0.02598	 0.00557	 0.00193	 0.00038	 -0.41393	 0.33266	 -0.05286	 0.00022	 0.10411	1.70018	 0.58817	 0.24044	 0.43385	 0.74082	 1.70755
-2.44300	 4624.00000	 16.87530	 -0.02770	 -0.10260	 4.60810	 1.51390	 2.32530	 -0.88500	 0.15700	-0.00880	 0.19040	 0.18120	 0.00510	 -0.07170	 0.08470	 0.08670	 0.04840	 0.35880	 0.05000	0.07160	 0.56970	 0.00556	 0.00140	 0.00111	 -0.34835	 0.33507	 -0.04796	 0.00469	 0.10477	1.71054	 0.58461	 0.15286	 0.23899	 0.69559	 2.91051
-2.44300	 6013.00000	 17.64720	 0.00710	 -0.10330	 4.39050	 1.50620	 2.21980	 -0.86190	 0.18060	-0.00080	 0.15130	 0.17040	 -0.02870	 -0.17390	 0.04020	 0.11830	 0.03880	 -0.05620	 0.14090	0.00440	 0.05318	 0.00534	 0.00183	 0.00065	 -0.33538	 0.33516	 -0.05785	 0.00044	 0.10619	1.74753	 0.57224	 0.34324	 0.73363	 0.79942	 1.08968
-2.44300	 7824.00000	 18.64070	 0.04820	 -0.06070	 3.93460	 1.46250	 2.15780	 -0.87060	 0.15600	0.05220	 0.23120	 0.14900	 0.04140	 -0.12750	 -0.09410	 0.09680	 -0.01620	 -0.38330	 0.17440	0.12360	 -3.43127	 0.00497	 0.00241	 0.00151	 -0.18657	 0.36293	 -0.05354	 -0.02938	 0.11544	1.67686	 0.59635	 0.34713	 0.69580	 1.30098	 1.86976
-2.44300	 10187.00000	 19.50880	 0.06210	 -0.08350	 3.73120	 1.41610	 2.05360	 -0.83860	 0.20470	0.03990	 0.17770	 0.13360	 0.03410	 -0.13330	 -0.19060	 0.06950	 -0.02830	 -0.35790	 0.18790	0.12850	 -2.72404	 0.00474	 0.00219	 0.00149	 -0.24523	 0.36482	 -0.07395	 -0.02340	 0.11659	1.68674	 0.59286	 0.43185	 0.98476	 1.36563	 1.38676
-2.44300	 13268.00000	 20.44700	 0.11160	 -0.11360	 3.31330	 1.36910	 1.94770	 -0.76800	 0.23600	-0.01350	 0.21700	 0.05440	 0.02350	 -0.11170	 -0.16430	 0.09150	 -0.00620	 -0.58590	 0.18690	-0.06790	 1.00705	 0.00436	 0.00271	 0.00005	 -0.31832	 0.36059	 -0.09290	 0.00827	 0.11585	1.78241	 0.56104	 0.37727	 0.79362	 1.63739	 2.06318
-2.44300	 17286.00000	 21.58560	 0.11640	 -0.10770	 2.91710	 1.30440	 1.80880	 -0.70500	 0.21470	-0.01120	 0.22670	 0.03470	 -0.00810	 -0.15270	 -0.09190	 0.05360	 -0.02890	 -0.60570	 0.18320	-0.00740	 0.91015	 0.00397	 0.00279	 0.00012	 -0.28587	 0.36142	 -0.09347	 0.00729	 0.11692	1.84998	 0.54055	 0.39525	 0.78643	 1.19805	 1.52340
-2.44300	 22526.00000	 22.83430	 0.17330	 -0.08270	 2.55140	 1.18170	 1.64730	 -0.62160	 0.19960	-0.01320	 0.21680	 -0.08770	 0.00190	 -0.14460	 -0.17360	 0.06020	 0.02020	 -0.70660	 0.13370	-0.06300	 1.21652	 0.00354	 0.00277	 -0.00100	 -0.20751	 0.35799	 -0.09736	 0.00946	 0.11556	1.90063	 0.52614	 0.32554	 0.59421	 0.92454	 1.55590
-2.44300	 29361.00000	 24.29040	 0.19890	 -0.06180	 2.08520	 1.05920	 1.36280	 -0.47320	 0.13050	-0.00750	 0.38410	 -0.05510	 -0.01640	 -0.30000	 -0.26040	 0.12320	 0.01570	 -1.05430	 0.26810	-0.15830	 0.90804	 0.00296	 0.00624	 -0.00185	 -0.14577	 0.31841	 -0.07741	 0.00624	 0.10500	2.23810	 0.44681	 0.34576	 0.66464	 0.89233	 1.34258
-2.44300	 40057.00000	 26.07430	 0.28330	 0.06260	 1.15840	 0.76550	 0.86670	 -0.23030	 0.05930	-0.00980	 0.26260	 -0.04190	 -0.01290	 -0.23400	 -0.19780	 0.10800	 -0.00040	 -0.75580	 0.23170	-0.16910	 2.43665	 0.00184	 0.00783	 -0.00291	 0.13756	 0.24456	 -0.05918	 0.01203	 0.08260	3.32092	 0.30112	 0.38469	 0.81601	 0.98867	 1.21159
-2.44300	 45137.00000	 26.78290	 0.28350	 0.01640	 0.59300	 0.78700	 0.54820	 -0.07340	 0.04380	-0.07240	 0.11850	 -0.04490	 -0.03040	 -0.16010	 -0.10420	 0.05810	 0.02470	 -0.35440	 0.18390	-0.06880	 44.60703	 0.00127	 0.00678	 -0.00271	 0.03508	 0.10744	 -0.07682	 0.11023	 0.05347	7.63347	 0.13100	 0.51012	 1.39343	 1.12849	 0.80987
-2.44300	 50217.00000	 27.10560	 0.07990	 0.05740	 0.22030	 0.53590	 0.27980	 0.03650	 0.00040	-0.04310	 0.00640	 -0.00250	 -0.00220	 -0.04030	 -0.01580	 0.01180	 0.01100	 -0.03530	 0.00910	-0.02700	 -49.73981	 0.00068	 0.00096	 -0.00111	 0.12133	 -0.10623	 -0.00161	 0.11130	 0.05452	9.48851	 0.10539	 0.33333	 0.67790	 0.22547	 0.33260
-2.44300	 55297.00000	 27.13460	 0.01190	 0.07730	 0.15930	 0.45300	 0.22740	 0.06260	 -0.01000	-0.03070	 -0.01470	 0.00320	 0.00570	 -0.02210	 -0.00120	 -0.00550	 0.00250	 -0.00860	 -0.02960	-0.01330	 -26.12404	 0.00055	 -0.00215	 -0.00019	 0.16322	 -0.23303	 0.05254	 0.09565	 0.08303	6.49717	 0.15391	 0.59438	 -1.88592	 -1.29692	 0.68769
-2.44300	 60377.00000	 27.12680	 -0.04410	 0.10420	 0.14970	 0.41460	 0.19620	 0.06860	 -0.00880	-0.02900	 -0.01390	 0.00120	 0.00500	 -0.02160	 -0.00440	 -0.00770	 0.00390	 -0.00790	 -0.01910	-0.00920	 -22.91575	 0.00050	 -0.00194	 -0.00014	 0.22008	 -0.27536	 0.05135	 0.10168	 0.09793	5.56675	 0.17964	 0.46929	 -1.20200	 -0.86148	 0.71671
-2.44300	 65457.00000	 27.14010	 -0.00030	 0.13720	 0.14280	 0.41290	 0.19250	 0.07960	 -0.00610	-0.02470	 -0.01680	 0.00020	 0.00230	 -0.02430	 -0.00250	 -0.00360	 0.00070	 -0.01010	 -0.03210	-0.01110	 -17.23920	 0.00049	 -0.00255	 -0.00042	 0.28964	 -0.32781	 0.03679	 0.08761	 0.11139	4.95416	 0.20185	 0.61143	 -1.86830	 -1.31511	 0.70391
-2.44300	 70537.00000	 27.11890	 -0.02910	 0.11810	 0.12880	 0.38030	 0.19230	 0.06970	 -0.00900	-0.02820	 -0.01240	 -0.00010	 0.00070	 -0.01520	 -0.00380	 -0.00970	 0.00180	 -0.00810	 -0.02440	-0.01390	 -22.02782	 0.00046	 -0.00240	 -0.00069	 0.24952	 -0.31493	 0.05719	 0.10428	 0.10720	5.05795	 0.19771	 0.52473	 -1.54987	 -1.60356	 1.03464
-2.44300	 75617.00000	 27.15150	 -0.00690	 0.14180	 0.13020	 0.39600	 0.18470	 0.07840	 -0.00950	-0.02170	 -0.00700	 0.00160	 0.00120	 -0.01340	 -0.00230	 -0.00690	 0.00050	 -0.00080	 -0.02470	-0.01010	 -15.47133	 0.00047	 -0.00197	 -0.00037	 0.29923	 -0.34527	 0.06126	 0.08024	 0.11443	4.86799	 0.20542	 0.63990	 -2.51296	 -1.83594	 0.73059
-2.44300	 80697.00000	 27.16790	 -0.00150	 0.18100	 0.13410	 0.38620	 0.18850	 0.07390	 -0.01090	-0.02820	 -0.00900	 -0.00060	 0.00120	 -0.01050	 -0.00250	 -0.00130	 0.00040	 -0.00640	 -0.01390	-0.01300	 -20.88669	 0.00047	 -0.00124	 -0.00063	 0.38171	 -0.32473	 0.06856	 0.10452	 0.11159	4.88257	 0.20481	 0.57438	 -1.52858	 -1.31525	 0.86044
-2.44300	 85777.00000	 27.16260	 -0.02660	 0.22030	 0.13550	 0.38590	 0.18690	 0.07210	 -0.00520	-0.02070	 -0.00740	 0.00200	 0.00830	 -0.01070	 -0.00070	 0.00000	 0.00230	 -0.00360	 -0.01610	-0.00690	 -16.01884	 0.00047	 -0.00120	 0.00017	 0.46468	 -0.31530	 0.03268	 0.07708	 0.10591	5.14446	 0.19438	 0.68511	 -2.17568	 -1.18891	 0.54646
-2.44300	 90857.00000	 27.16480	 -0.02950	 0.22750	 0.13960	 0.41550	 0.18800	 0.07620	 -0.00820	-0.02590	 -0.01430	 0.00290	 0.00890	 -0.02910	 -0.00210	 -0.00650	 0.00510	 -0.00710	 -0.05130	-0.00570	 -18.77264	 0.00049	 -0.00352	 0.00030	 0.47983	 -0.31639	 0.05062	 0.09267	 0.10830	5.16269	 0.19370	 0.71151	 -3.26586	 -1.68580	 0.51619
-2.44300	 95937.00000	 27.16360	 -0.04000	 0.23070	 0.12450	 0.37180	 0.18380	 0.05940	 -0.01080	-0.02770	 -0.00720	 0.00170	 -0.00150	 -0.00740	 -0.00350	 -0.00140	 0.00400	 -0.00640	 -0.01690	-0.00530	 -25.00105	 0.00045	 -0.00136	 -0.00027	 0.48660	 -0.27609	 0.07139	 0.10596	 0.09637	5.67277	 0.17628	 0.66275	 -2.30407	 -2.23826	 0.97144
-2.44300	 101017.00000	 27.13080	 -0.09540	 0.18190	 0.13750	 0.41120	 0.18790	 0.07540	 -0.01300	-0.03200	 -0.01250	 0.00400	 0.00080	 -0.01580	 -0.00160	 -0.00590	 0.00600	 -0.01120	 -0.01010	0.00420	 -22.99652	 0.00048	 -0.00140	 0.00044	 0.38414	 -0.31710	 0.08088	 0.11512	 0.11120	5.02018	 0.19920	 0.35439	 -0.73070	 -0.63842	 0.87372
