0.08140	 92.00000	 7.97010	 0.03780	 0.60270	 7.75590	 0.32840	 5.08770	 -0.40920	 0.42900	-0.03970	 -0.79620	 1.64080	 0.01830	 0.12320	 5.42990	 -0.17240	 -0.13150	 13.45180	 0.07310	1.11900	 5.54141	 0.00872	 -0.00247	 0.00768	 4.32448	 0.25640	 -0.06829	 0.03071	 0.03121	0.79879	 1.25189	 -0.08163	 0.08973	 0.58690	 6.54066
0.08140	 107.00000	 8.74820	 0.00960	 0.66060	 9.04470	 0.36940	 6.21430	 -0.44800	 0.41140	-0.06440	 -0.89810	 1.30720	 0.01380	 0.16510	 6.19400	 -0.17550	 -0.06110	 14.99530	 0.05970	1.68710	 8.18023	 0.01035	 -0.00236	 0.00700	 4.31836	 0.24509	 -0.05487	 0.04251	 0.02896	0.81616	 1.22524	 -0.05888	 0.06524	 0.36034	 5.52336
0.08140	 127.00000	 10.14780	 -0.02020	 0.73850	 10.36590	 0.51600	 7.49050	 -0.61560	 0.56250	-0.07910	 -0.58500	 0.89700	 0.04380	 0.24080	 6.47180	 -0.29840	 -0.14120	 12.46200	 0.02980	1.95050	 7.32196	 0.01216	 -0.00169	 0.00573	 4.16233	 0.26618	 -0.06384	 0.04023	 0.03378	0.83137	 1.20283	 -0.03491	 0.04538	 0.12176	 2.68317
0.08140	 153.00000	 10.82190	 -0.03440	 0.72550	 10.98460	 0.60970	 8.28490	 -0.69260	 0.55560	-0.10420	 -0.29680	 1.19140	 0.03590	 0.18380	 6.88840	 -0.36500	 -0.10520	 12.02650	 -0.06290	0.96640	 8.55584	 0.01316	 -0.00133	 0.00402	 3.83537	 0.26763	 -0.05824	 0.04636	 0.03523	0.87051	 1.14875	 0.08679	 -0.13370	 -0.33587	 2.51206
0.08140	 187.00000	 11.64550	 -0.08440	 0.77770	 11.80330	 0.66640	 9.12520	 -0.76670	 0.37160	-0.05720	 0.02370	 0.57710	 0.01640	 0.20020	 6.08340	 -0.38300	 -0.02210	 10.76480	 -0.13800	1.12020	 4.26667	 0.01430	 -0.00084	 0.00289	 3.82061	 0.27337	 -0.03581	 0.02320	 0.03560	0.86677	 1.15371	 0.27750	 -0.35963	 -0.68701	 1.91035
0.08140	 231.00000	 12.19340	 -0.08430	 0.71770	 12.26610	 0.80930	 10.02110	 -0.82740	 0.34280	-0.10070	 0.39540	 0.56280	 0.02030	 0.08560	 6.62070	 -0.44520	 -0.04850	 13.38900	 -0.17660	0.67980	 6.93914	 0.01529	 -0.00036	 0.00199	 3.36853	 0.26261	 -0.03092	 0.03536	 0.03609	0.97096	 1.02991	 0.78004	 -0.29659	 -2.00741	 6.76831
0.08140	 288.00000	 13.05140	 -0.13810	 0.78280	 12.82680	 0.94860	 10.64230	 -0.86060	 0.51860	-0.12970	 0.96010	 1.05390	 0.06160	 -0.06290	 5.41850	 -0.40120	 -0.12750	 12.22700	 -0.18100	0.21240	 8.57048	 0.01617	 0.00056	 0.00198	 3.43239	 0.24672	 -0.04439	 0.04082	 0.03564	1.08995	 0.91748	 -0.47896	 -0.17395	 -2.05589	 11.81916
0.08140	 363.00000	 14.04270	 -0.15270	 0.78560	 12.55730	 1.22560	 11.44430	 -1.03110	 0.46450	-0.07920	 0.84610	 0.74100	 0.16660	 -0.04770	 4.97570	 -0.15490	 -0.06570	 7.64600	 -0.31230	0.19720	 4.39233	 0.01670	 0.00055	 0.00159	 3.20200	 0.26283	 -0.03875	 0.02115	 0.04099	1.18514	 0.84378	 -0.82423	 -0.36307	 -1.80214	 4.96360
0.08140	 460.00000	 14.56180	 -0.17980	 0.80110	 12.84390	 1.42370	 12.12100	 -1.12700	 0.61640	-0.11390	 0.74560	 1.38510	 0.08980	 -0.07780	 4.81580	 -0.29980	 -0.13610	 8.45860	 -0.20910	1.87270	 5.77099	 0.01747	 0.00033	 0.00462	 3.14888	 0.26355	 -0.04940	 0.02742	 0.04293	1.25686	 0.79563	 -0.88340	 -0.26020	 -1.75989	 6.76362
0.08140	 588.00000	 15.34600	 -0.23970	 0.85560	 13.14740	 1.73100	 12.45420	 -1.10830	 0.40500	-0.05830	 1.56390	 0.76380	 0.06810	 -0.31210	 3.11780	 0.03560	 0.09490	 6.12960	 -0.34470	-0.76750	 3.01116	 0.01810	 0.00167	 0.00009	 3.19116	 0.23232	 -0.03165	 0.01256	 0.04060	1.55970	 0.64115	 -0.27471	 -0.22035	 -1.07906	 4.89697
0.08140	 754.00000	 15.51280	 -0.28270	 0.81370	 12.57490	 2.06740	 12.99450	 -1.12070	 0.45440	-0.07960	 1.49180	 1.14640	 -0.10410	 -0.36950	 2.17820	 0.41200	 0.08290	 6.43390	 -0.54310	-0.79950	 4.06273	 0.01830	 0.00179	 0.00032	 3.00261	 0.21980	 -0.03555	 0.01536	 0.04065	1.84010	 0.54345	 -0.39913	 -0.35092	 -1.41475	 4.03155
0.08140	 970.00000	 15.91740	 -0.37020	 0.84580	 12.53040	 2.47570	 13.03090	 -1.14770	 0.42810	-0.06520	 1.97820	 1.29910	 0.12350	 -0.61310	 2.58460	 0.35060	 0.02500	 6.76230	 -0.79370	-1.06170	 3.25144	 0.01856	 0.00199	 0.00047	 3.04165	 0.20606	 -0.03350	 0.01148	 0.04100	2.15362	 0.46433	 -0.51703	 -0.39507	 -1.26908	 3.21231
0.08140	 1252.00000	 16.42960	 -0.46870	 0.89910	 12.79450	 2.93330	 13.45320	 -1.15020	 0.52690	-0.01630	 2.39370	 1.64410	 -0.10610	 -0.51720	 2.41190	 0.99040	 0.14840	 5.75220	 -1.08340	-2.53950	 0.81191	 0.01932	 0.00287	 -0.00125	 3.13235	 0.18775	 -0.04016	 0.00259	 0.03942	2.55000	 0.39216	 -0.47090	 -0.41822	 -2.05201	 4.90652
0.08140	 1621.00000	 16.71070	 -0.56230	 0.77450	 12.78060	 3.48140	 13.56970	 -1.19260	 0.48170	-0.02600	 2.56680	 0.81860	 -0.06460	 -0.68420	 1.60320	 1.09910	 0.52890	 3.88860	 -1.58710	-1.46410	 1.24891	 0.01975	 0.00254	 -0.00087	 2.65362	 0.17879	 -0.03658	 0.00378	 0.03999	2.91847	 0.34264	 -0.76347	 -0.56840	 -2.30937	 4.06293
0.08140	 2101.00000	 17.26930	 -0.63880	 0.82220	 12.40750	 3.98210	 13.46000	 -1.65420	 0.25650	0.08940	 2.41220	 1.08900	 0.07270	 -0.26590	 1.26960	 1.33250	 0.16520	 1.25440	 -1.40700	-2.03030	 -3.09350	 0.01976	 0.00285	 -0.00106	 2.72582	 0.23534	 -0.01985	 -0.01221	 0.05550	2.40376	 0.41602	 -0.60187	 -0.51057	 -5.10413	 9.99701
0.08140	 2727.00000	 17.48530	 -0.82450	 0.71060	 12.53170	 4.97110	 13.95280	 -1.97160	 0.33530	0.10370	 2.40510	 1.28650	 0.30240	 0.01440	 1.35260	 2.30640	 -0.16730	 1.47790	 -1.70210	-0.48830	 -3.01080	 0.02083	 0.00348	 0.00127	 2.32721	 0.24980	 -0.02536	 -0.01245	 0.06277	2.51787	 0.39716	 -0.56559	 -0.51079	 -5.62227	 11.00692
0.08140	 3544.00000	 17.93550	 -1.00190	 0.61190	 12.38230	 5.78510	 14.05360	 -2.16340	 0.30820	0.10620	 2.87550	 1.46130	 0.07380	 -0.85110	 0.75590	 2.36100	 0.15120	 -2.48630	 -1.23580	-1.47610	 -2.81036	 0.02133	 0.00452	 0.00007	 1.95398	 0.25561	 -0.02336	 -0.01178	 0.06722	2.67086	 0.37441	 -0.30890	 -0.33215	 -1.44658	 4.35517
0.08140	 4609.00000	 18.18080	 -1.24040	 0.65410	 12.21710	 6.68090	 14.07470	 -2.47900	 0.16030	0.09920	 3.57820	 0.36560	 0.02930	 -1.84970	 -1.19630	 2.86790	 0.24150	 -3.74610	 -0.42460	-0.42220	 -2.29153	 0.02183	 0.00665	 -0.00003	 2.06047	 0.27439	 -0.01222	 -0.01023	 0.07524	2.69284	 0.37135	 -0.07051	 -0.09259	 -0.22952	 2.47883
0.08140	 5998.00000	 18.46180	 -1.48110	 0.46590	 12.04280	 7.67770	 14.46500	 -2.86530	 0.05030	0.09660	 4.33240	 0.83790	 0.28390	 -3.25750	 -2.02440	 3.48220	 -0.00230	 -5.63010	 1.54750	0.95160	 -1.93092	 0.02263	 0.00997	 0.00221	 1.44560	 0.29798	 -0.00381	 -0.00917	 0.08386	2.67802	 0.37341	 0.16529	 0.27841	 0.47326	 1.69988
0.08140	 7809.00000	 18.64410	 -1.71260	 0.24500	 12.42490	 10.25540	 17.19950	 -3.42660	 -0.77350	0.08850	 5.10260	 1.26350	 0.67290	 -4.40010	 -2.55630	 5.61390	 -0.64210	 -7.69760	 4.51070	3.31550	 -1.47947	 0.02641	 0.01389	 0.00479	 0.75287	 0.30356	 0.05291	 -0.00666	 0.08595	2.99188	 0.33424	 0.29623	 0.59458	 1.01335	 1.70431
0.08140	 10172.00000	 19.03490	 -1.97360	 0.06960	 12.89700	 11.61440	 17.21920	 -3.72890	 -0.73540	-0.06440	 6.63850	 1.45120	 0.87210	 -7.30850	 -3.86470	 6.75010	 -0.78040	 -11.75160	 9.41440	4.64300	 0.98943	 0.02763	 0.01988	 0.00607	 0.20950	 0.30468	 0.04935	 0.00455	 0.08937	3.11423	 0.32111	 0.41286	 0.99439	 1.27907	 1.28628
0.08140	 13253.00000	 19.37710	 -2.19200	 -0.17270	 13.66240	 13.04210	 16.82710	 -4.16970	 -1.08270	-0.02430	 4.03750	 0.74850	 0.83720	 -6.10850	 -6.46620	 7.99170	 -0.85590	 -11.13450	 12.66990	8.20520	 0.33390	 0.02882	 0.02065	 0.00818	 -0.51064	 0.31237	 0.07141	 0.00164	 0.09579	3.12777	 0.31972	 0.51297	 1.41505	 2.05493	 1.45220
0.08140	 17271.00000	 19.81300	 -2.43540	 -0.34610	 14.27450	 13.85960	 15.55530	 -4.72070	 -0.81540	-0.04030	 6.37650	 0.33470	 0.24450	 -9.62890	 -8.95290	 8.04290	 -1.05610	 -16.59740	 20.17170	7.56680	 0.48911	 0.02893	 0.02881	 0.00679	 -1.00076	 0.33562	 0.05472	 0.00274	 0.10806	2.93581	 0.34062	 0.58315	 1.96530	 2.09424	 1.06561
0.08140	 22511.00000	 20.16720	 -2.56620	 -0.56970	 15.55490	 14.12570	 14.53970	 -5.90120	 -0.73880	-0.11110	 9.85070	 0.83520	 0.46000	 -12.19490	 -13.22890	 7.52620	 -1.40090	 -24.28620	 31.56720	8.12170	 1.07856	 0.02928	 0.04028	 0.00775	 -1.61811	 0.39811	 0.04913	 0.00775	 0.13347	2.39328	 0.41784	 0.64496	 2.54640	 2.58672	 1.01583
0.08140	 29346.00000	 20.49100	 -2.28620	 -0.60780	 16.99320	 14.14480	 14.40790	 -7.03460	 -0.91480	-0.00770	 11.92720	 1.00450	 0.78870	 -13.99910	 -18.40100	 8.50200	 -1.00980	 -30.83860	 36.17700	7.65290	 0.06272	 0.03016	 0.04523	 0.00755	 -1.69900	 0.45374	 0.05846	 0.00054	 0.15445	2.01075	 0.49733	 0.63910	 2.46988	 2.58015	 1.04464
0.08140	 40042.00000	 20.99890	 -1.82120	 -0.48720	 19.39750	 14.12310	 14.28930	 -8.14710	 -1.09020	-0.07360	 14.00980	 1.74990	 0.35410	 -21.93600	 -24.32960	 10.12550	 -0.34650	 -42.25190	 40.85220	10.50370	 0.51759	 0.03166	 0.04946	 0.00960	 -1.32909	 0.49223	 0.06548	 0.00518	 0.17041	1.73344	 0.57689	 0.62862	 2.36333	 1.86209	 0.78791
0.08140	 45122.00000	 21.22230	 -1.46110	 -0.42030	 21.25540	 18.50770	 15.72370	 -8.56450	 -1.53650	0.57470	 16.84990	 1.42440	 2.36830	 -25.26580	 -25.20180	 15.34640	 -0.33760	 -45.85760	 43.27270	10.39080	 -3.83894	 0.03674	 0.04950	 0.00930	 -1.13457	 0.43181	 0.08405	 -0.03369	 0.15470	2.15613	 0.46379	 0.57338	 1.89867	 1.70522	 0.89811
0.08140	 50202.00000	 21.61060	 -1.34630	 -0.18220	 21.88350	 18.53620	 16.13280	 -8.33400	 -1.71550	0.51280	 17.19550	 3.39180	 2.85880	 -26.59120	 -26.29210	 16.33000	 0.59490	 -50.97850	 43.96140	10.47590	 -3.52103	 0.03744	 0.04986	 0.01076	 -0.48305	 0.41379	 0.09130	 -0.02965	 0.14765	2.21997	 0.45046	 0.56734	 1.85382	 1.64376	 0.88669
0.08140	 55282.00000	 22.09860	 -1.24870	 -0.33100	 22.40090	 18.73000	 15.81370	 -8.71140	 -1.21570	-0.00680	 18.59570	 0.77340	 -0.38370	 -30.26790	 -26.57590	 16.68270	 0.75270	 -54.33370	 39.94860	10.55740	 0.04472	 0.03770	 0.04807	 0.00700	 -0.85813	 0.42529	 0.06459	 0.00040	 0.15298	2.15006	 0.46510	 0.53104	 1.59908	 1.31973	 0.82530
0.08140	 60362.00000	 22.73120	 -1.21540	 -0.26830	 23.05690	 19.57010	 15.10700	 -8.45500	 -1.46040	0.31400	 19.69970	 5.75060	 0.63740	 -34.65090	 -27.61330	 18.79250	 -1.84470	 -68.50820	 46.01110	14.17210	 -2.12686	 0.03823	 0.05326	 0.01296	 -0.67624	 0.39803	 0.07825	 -0.01826	 0.14655	2.31302	 0.43233	 0.54449	 1.68999	 1.32762	 0.78558
0.08140	 65442.00000	 23.02460	 -1.30880	 -0.31350	 23.11660	 19.28660	 13.91360	 -8.02550	 -1.59150	0.89000	 27.44100	 7.43280	 2.54520	 -41.59200	 -27.83110	 20.61990	 -1.96470	 -92.99750	 55.87020	12.25630	 -6.32805	 0.03729	 0.06716	 0.01437	 -0.78008	 0.38009	 0.08874	 -0.05433	 0.14338	2.38852	 0.41867	 0.53757	 1.62769	 1.34078	 0.82373
0.08140	 70522.00000	 23.48190	 -1.50400	 -0.32970	 19.17570	 17.96550	 12.06270	 -7.43580	 -1.53510	0.89430	 33.58760	 10.54040	 4.72300	 -47.17730	 -29.46100	 21.64860	 -1.90500	 -92.77760	 61.87760	16.99700	 -6.85800	 0.03258	 0.08661	 0.02386	 -0.80441	 0.40062	 0.10093	 -0.06075	 0.15221	2.39879	 0.41688	 0.52835	 1.54849	 1.30507	 0.84280
0.08140	 75602.00000	 24.99750	 -2.06350	 -0.42960	 8.85050	 12.83170	 5.19570	 -3.99700	 -0.65270	1.12240	 21.24160	 5.47590	 6.81940	 -30.85880	 -9.60600	 11.66350	 -1.85090	 -37.71560	 51.81520	7.89750	 -15.68531	 0.01780	 0.11470	 0.02734	 -0.98457	 0.37507	 0.09625	 -0.13746	 0.15446	3.09078	 0.32354	 0.61160	 2.13820	 1.63955	 0.76679
0.08140	 80682.00000	 26.20460	 -2.72960	 -0.76220	 1.91240	 5.13540	 1.62130	 -0.54450	 -0.04570	0.02020	 2.49130	 -0.00380	 -0.52940	 -4.33850	 -0.48200	 2.70860	 -0.03980	 -0.90580	 21.71560	-0.55510	 -2.12460	 0.00574	 0.11298	 -0.00457	 -1.66606	 0.17375	 0.02595	 -0.00700	 0.06285	9.42492	 0.10610	 0.80681	 5.90083	 4.96847	 0.84200
0.08140	 85762.00000	 26.36410	 -3.11230	 -0.73630	 0.38010	 0.80500	 0.36660	 0.04730	 0.00780	0.00650	 0.03910	 0.01550	 0.00540	 0.12980	 0.06080	 0.04110	 0.03480	 0.15510	 0.01510	0.02970	 7.82462	 0.00103	 0.00223	 0.00119	 -1.59975	 -0.08551	 -0.02090	 -0.01197	 0.03077	16.86057	 0.05931	 0.15845	 0.26618	 0.11623	 0.43666
0.08140	 90842.00000	 26.42730	 -3.05200	 -0.71640	 0.30300	 0.67250	 0.31450	 0.06770	 0.00350	0.00060	 0.03130	 -0.00300	 -0.00670	 0.01470	 0.02820	 0.04590	 0.02410	 0.05240	 0.21590	-0.01420	 0.50778	 0.00085	 0.00827	 -0.00067	 -1.55281	 -0.14998	 -0.01134	 -0.00130	 0.05248	9.93314	 0.10067	 0.73661	 3.88615	 13.36439	 3.43898
0.08140	 95922.00000	 26.46250	 -3.01030	 -0.66210	 0.21960	 0.53190	 0.24040	 0.06830	 0.00040	-0.01120	 -0.00250	 0.00110	 -0.00970	 -0.01460	 -0.00370	 0.01340	 0.00580	 -0.00040	 0.00190	-0.01110	 -9.31262	 0.00066	 0.00047	 -0.00072	 -1.43326	 -0.19984	 -0.00174	 0.03132	 0.06978	7.68506	 0.13012	 0.14844	 0.13939	 0.10839	 0.77766
0.08140	 101002.00000	 26.54090	 -2.94180	 -0.66720	 0.20370	 0.51510	 0.23820	 0.06720	 -0.00870	-0.00460	 -0.01250	 0.00440	 0.00910	 -0.01870	 -0.00200	 0.01090	 0.00720	 0.00530	 0.04110	0.00100	 -3.91592	 0.00063	 0.00150	 0.00055	 -1.44003	 -0.20746	 0.03950	 0.01313	 0.07038	7.64728	 0.13077	 1.04051	 2.47815	 1.97628	 0.79748
0.08140	 106082.00000	 26.60060	 -2.90490	 -0.64490	 0.18710	 0.46930	 0.22780	 0.06520	 -0.00670	-0.00330	 -0.00820	 0.00380	 0.00900	 -0.01900	 -0.00350	 0.00230	 0.00170	 -0.00170	 -0.00030	0.00060	 -2.89747	 0.00059	 -0.00026	 0.00055	 -1.38880	 -0.22003	 0.03245	 0.01009	 0.07383	7.18865	 0.13911	 0.04839	 -0.03523	 -0.01427	 0.40509
