 #
 # Data at location X/h =  5.000000075E-2
 #
 #
 #
 # Y/h , u/U_b , v/U_b , uu/U_b^2 , vv/U_b^2 , uv/U_b^2, k/U_b^2
 #
  0.10017E+01  0.37593E-02  0.89363E-04  0.36033E-02  0.63669E-05 -0.46246E-04  0.33153E-02
  0.10051E+01  0.58279E-01 -0.11509E-02  0.18907E-01  0.17464E-03 -0.49082E-03  0.15920E-01
  0.10085E+01  0.14351E+00 -0.27848E-02  0.39835E-01  0.67166E-03 -0.17404E-02  0.30634E-01
  0.10121E+01  0.24058E+00 -0.45212E-02  0.60650E-01  0.13835E-02 -0.33545E-02  0.44149E-01
  0.10156E+01  0.33865E+00 -0.55943E-02  0.77613E-01  0.21869E-02 -0.48557E-02  0.55050E-01
  0.10193E+01  0.43327E+00 -0.58168E-02  0.89638E-01  0.29864E-02 -0.59932E-02  0.63132E-01
  0.10230E+01  0.52223E+00 -0.50265E-02  0.96644E-01  0.37404E-02 -0.67174E-02  0.68570E-01
  0.10267E+01  0.60398E+00 -0.33199E-02  0.99005E-01  0.44311E-02 -0.70541E-02  0.71652E-01
  0.10305E+01  0.67749E+00 -0.82200E-03  0.97471E-01  0.50614E-02 -0.70774E-02  0.72795E-01
  0.10344E+01  0.74212E+00  0.22566E-02  0.93098E-01  0.56426E-02 -0.68683E-02  0.72518E-01
  0.10384E+01  0.79776E+00  0.57216E-02  0.86962E-01  0.61916E-02 -0.64966E-02  0.71318E-01
  0.10424E+01  0.84478E+00  0.93820E-02  0.79996E-01  0.67281E-02 -0.60226E-02  0.69620E-01
  0.10466E+01  0.88386E+00  0.13085E-01  0.72931E-01  0.72700E-02 -0.54941E-02  0.67763E-01
  0.10508E+01  0.91585E+00  0.16711E-01  0.66293E-01  0.78329E-02 -0.49460E-02  0.65984E-01
  0.10550E+01  0.94171E+00  0.20182E-01  0.60344E-01  0.84280E-02 -0.44056E-02  0.64397E-01
  0.10594E+01  0.96240E+00  0.23446E-01  0.55185E-01  0.90605E-02 -0.38969E-02  0.63041E-01
  0.10638E+01  0.97875E+00  0.26476E-01  0.50837E-01  0.97311E-02 -0.34379E-02  0.61925E-01
  0.10683E+01  0.99152E+00  0.29262E-01  0.47236E-01  0.10437E-01 -0.30430E-02  0.61022E-01
  0.10729E+01  0.10014E+01  0.31810E-01  0.44266E-01  0.11173E-01 -0.27221E-02  0.60285E-01
  0.10776E+01  0.10088E+01  0.34136E-01  0.41820E-01  0.11933E-01 -0.24788E-02  0.59679E-01
  0.10824E+01  0.10144E+01  0.36262E-01  0.39803E-01  0.12709E-01 -0.23102E-02  0.59172E-01
  0.10873E+01  0.10185E+01  0.38215E-01  0.38123E-01  0.13493E-01 -0.22112E-02  0.58726E-01
  0.10923E+01  0.10214E+01  0.40017E-01  0.36707E-01  0.14280E-01 -0.21748E-02  0.58308E-01
  0.10974E+01  0.10234E+01  0.41689E-01  0.35513E-01  0.15062E-01 -0.21930E-02  0.57905E-01
  0.11026E+01  0.10247E+01  0.43248E-01  0.34504E-01  0.15837E-01 -0.22579E-02  0.57506E-01
  0.11079E+01  0.10254E+01  0.44707E-01  0.33657E-01  0.16600E-01 -0.23651E-02  0.57107E-01
  0.11133E+01  0.10257E+01  0.46082E-01  0.32958E-01  0.17347E-01 -0.25109E-02  0.56713E-01
  0.11188E+01  0.10256E+01  0.47390E-01  0.32388E-01  0.18076E-01 -0.26875E-02  0.56325E-01
  0.11244E+01  0.10253E+01  0.48634E-01  0.31924E-01  0.18782E-01 -0.28848E-02  0.55937E-01
  0.11302E+01  0.10248E+01  0.49823E-01  0.31545E-01  0.19465E-01 -0.30965E-02  0.55543E-01
  0.11360E+01  0.10241E+01  0.50960E-01  0.31232E-01  0.20122E-01 -0.33225E-02  0.55136E-01
  0.11420E+01  0.10233E+01  0.52049E-01  0.30969E-01  0.20753E-01 -0.35634E-02  0.54716E-01
  0.11481E+01  0.10224E+01  0.53094E-01  0.30755E-01  0.21357E-01 -0.38165E-02  0.54289E-01
  0.11543E+01  0.10214E+01  0.54099E-01  0.30586E-01  0.21936E-01 -0.40777E-02  0.53861E-01
  0.11607E+01  0.10204E+01  0.55063E-01  0.30454E-01  0.22488E-01 -0.43474E-02  0.53434E-01
  0.11672E+01  0.10194E+01  0.55984E-01  0.30347E-01  0.23016E-01 -0.46269E-02  0.53009E-01
  0.11738E+01  0.10183E+01  0.56869E-01  0.30263E-01  0.23522E-01 -0.49137E-02  0.52591E-01
  0.11806E+01  0.10173E+01  0.57721E-01  0.30209E-01  0.24007E-01 -0.52020E-02  0.52188E-01
  0.11875E+01  0.10163E+01  0.58537E-01  0.30182E-01  0.24470E-01 -0.54914E-02  0.51796E-01
  0.11945E+01  0.10151E+01  0.59313E-01  0.30171E-01  0.24911E-01 -0.57851E-02  0.51414E-01
  0.12017E+01  0.10140E+01  0.60053E-01  0.30172E-01  0.25332E-01 -0.60785E-02  0.51037E-01
  0.12091E+01  0.10128E+01  0.60763E-01  0.30180E-01  0.25736E-01 -0.63660E-02  0.50662E-01
  0.12166E+01  0.10117E+01  0.61445E-01  0.30187E-01  0.26127E-01 -0.66452E-02  0.50286E-01
  0.12242E+01  0.10106E+01  0.62103E-01  0.30199E-01  0.26504E-01 -0.69150E-02  0.49915E-01
  0.12321E+01  0.10096E+01  0.62737E-01  0.30225E-01  0.26864E-01 -0.71727E-02  0.49554E-01
  0.12401E+01  0.10085E+01  0.63343E-01  0.30258E-01  0.27204E-01 -0.74206E-02  0.49197E-01
  0.12482E+01  0.10076E+01  0.63915E-01  0.30293E-01  0.27522E-01 -0.76636E-02  0.48846E-01
  0.12566E+01  0.10066E+01  0.64455E-01  0.30326E-01  0.27818E-01 -0.79014E-02  0.48499E-01
  0.12651E+01  0.10057E+01  0.64958E-01  0.30345E-01  0.28094E-01 -0.81383E-02  0.48148E-01
  0.12738E+01  0.10049E+01  0.65420E-01  0.30350E-01  0.28350E-01 -0.83778E-02  0.47795E-01
  0.12826E+01  0.10040E+01  0.65840E-01  0.30352E-01  0.28589E-01 -0.86160E-02  0.47456E-01
  0.12917E+01  0.10033E+01  0.66222E-01  0.30360E-01  0.28810E-01 -0.88478E-02  0.47134E-01
  0.13010E+01  0.10025E+01  0.66566E-01  0.30378E-01  0.29011E-01 -0.90714E-02  0.46828E-01
  0.13104E+01  0.10018E+01  0.66875E-01  0.30407E-01  0.29194E-01 -0.92850E-02  0.46545E-01
  0.13201E+01  0.10011E+01  0.67147E-01  0.30443E-01  0.29366E-01 -0.94885E-02  0.46287E-01
  0.13299E+01  0.10006E+01  0.67387E-01  0.30472E-01  0.29525E-01 -0.96863E-02  0.46036E-01
  0.13400E+01  0.10001E+01  0.67584E-01  0.30511E-01  0.29665E-01 -0.98794E-02  0.45794E-01
  0.13503E+01  0.99959E+00  0.67738E-01  0.30560E-01  0.29780E-01 -0.10068E-01  0.45563E-01
  0.13608E+01  0.99917E+00  0.67839E-01  0.30602E-01  0.29864E-01 -0.10258E-01  0.45335E-01
  0.13715E+01  0.99878E+00  0.67889E-01  0.30639E-01  0.29914E-01 -0.10449E-01  0.45113E-01
  0.13825E+01  0.99839E+00  0.67894E-01  0.30698E-01  0.29932E-01 -0.10627E-01  0.44912E-01
  0.13937E+01  0.99801E+00  0.67867E-01  0.30775E-01  0.29919E-01 -0.10788E-01  0.44724E-01
  0.14051E+01  0.99767E+00  0.67799E-01  0.30860E-01  0.29881E-01 -0.10934E-01  0.44539E-01
  0.14168E+01  0.99738E+00  0.67697E-01  0.30945E-01  0.29821E-01 -0.11075E-01  0.44352E-01
  0.14288E+01  0.99711E+00  0.67558E-01  0.30996E-01  0.29742E-01 -0.11203E-01  0.44152E-01
  0.14410E+01  0.99690E+00  0.67392E-01  0.31004E-01  0.29648E-01 -0.11324E-01  0.43940E-01
  0.14534E+01  0.99676E+00  0.67180E-01  0.31004E-01  0.29541E-01 -0.11442E-01  0.43743E-01
  0.14661E+01  0.99675E+00  0.66948E-01  0.31002E-01  0.29426E-01 -0.11546E-01  0.43556E-01
  0.14791E+01  0.99683E+00  0.66675E-01  0.30999E-01  0.29296E-01 -0.11639E-01  0.43351E-01
  0.14924E+01  0.99696E+00  0.66385E-01  0.30983E-01  0.29150E-01 -0.11720E-01  0.43108E-01
  0.15059E+01  0.99711E+00  0.66046E-01  0.30978E-01  0.28983E-01 -0.11785E-01  0.42855E-01
  0.15198E+01  0.99730E+00  0.65680E-01  0.31003E-01  0.28797E-01 -0.11836E-01  0.42621E-01
  0.15339E+01  0.99761E+00  0.65255E-01  0.31000E-01  0.28590E-01 -0.11877E-01  0.42378E-01
  0.15483E+01  0.99795E+00  0.64806E-01  0.30974E-01  0.28356E-01 -0.11907E-01  0.42107E-01
  0.15631E+01  0.99825E+00  0.64277E-01  0.30958E-01  0.28091E-01 -0.11930E-01  0.41812E-01
  0.15781E+01  0.99859E+00  0.63744E-01  0.30921E-01  0.27803E-01 -0.11948E-01  0.41507E-01
  0.15935E+01  0.99906E+00  0.63130E-01  0.30861E-01  0.27489E-01 -0.11963E-01  0.41182E-01
  0.16092E+01  0.99970E+00  0.62524E-01  0.30785E-01  0.27163E-01 -0.11980E-01  0.40836E-01
  0.16253E+01  0.10005E+01  0.61845E-01  0.30656E-01  0.26823E-01 -0.11984E-01  0.40459E-01
  0.16417E+01  0.10014E+01  0.61224E-01  0.30478E-01  0.26465E-01 -0.11963E-01  0.40072E-01
  0.16584E+01  0.10024E+01  0.60506E-01  0.30295E-01  0.26081E-01 -0.11923E-01  0.39671E-01
  0.16755E+01  0.10035E+01  0.59831E-01  0.30113E-01  0.25685E-01 -0.11875E-01  0.39254E-01
  0.16930E+01  0.10047E+01  0.59017E-01  0.29916E-01  0.25266E-01 -0.11824E-01  0.38815E-01
  0.17108E+01  0.10059E+01  0.58297E-01  0.29685E-01  0.24835E-01 -0.11751E-01  0.38339E-01
  0.17291E+01  0.10071E+01  0.57465E-01  0.29415E-01  0.24404E-01 -0.11642E-01  0.37841E-01
  0.17477E+01  0.10086E+01  0.56764E-01  0.29144E-01  0.23973E-01 -0.11507E-01  0.37347E-01
  0.17667E+01  0.10102E+01  0.55897E-01  0.28857E-01  0.23532E-01 -0.11362E-01  0.36819E-01
  0.17861E+01  0.10122E+01  0.55217E-01  0.28532E-01  0.23091E-01 -0.11190E-01  0.36251E-01
  0.18059E+01  0.10142E+01  0.54311E-01  0.28228E-01  0.22623E-01 -0.10999E-01  0.35674E-01
  0.18262E+01  0.10161E+01  0.53576E-01  0.27919E-01  0.22110E-01 -0.10790E-01  0.35047E-01
  0.18469E+01  0.10180E+01  0.52533E-01  0.27615E-01  0.21575E-01 -0.10575E-01  0.34383E-01
  0.18680E+01  0.10201E+01  0.51762E-01  0.27271E-01  0.21023E-01 -0.10338E-01  0.33669E-01
  0.18895E+01  0.10223E+01  0.50650E-01  0.26860E-01  0.20453E-01 -0.10103E-01  0.32898E-01
  0.19116E+01  0.10246E+01  0.49892E-01  0.26402E-01  0.19885E-01 -0.98421E-02  0.32115E-01
  0.19341E+01  0.10269E+01  0.48741E-01  0.25932E-01  0.19346E-01 -0.95698E-02  0.31379E-01
  0.19571E+01  0.10293E+01  0.48020E-01  0.25452E-01  0.18819E-01 -0.92738E-02  0.30681E-01
  0.19805E+01  0.10316E+01  0.46756E-01  0.24946E-01  0.18278E-01 -0.89973E-02  0.29966E-01
  0.20045E+01  0.10338E+01  0.46031E-01  0.24361E-01  0.17710E-01 -0.86851E-02  0.29212E-01
  0.20290E+01  0.10361E+01  0.44696E-01  0.23697E-01  0.17137E-01 -0.83640E-02  0.28408E-01
  0.20540E+01  0.10386E+01  0.44056E-01  0.22941E-01  0.16580E-01 -0.80060E-02  0.27527E-01
  0.20795E+01  0.10408E+01  0.42626E-01  0.22238E-01  0.16039E-01 -0.76400E-02  0.26699E-01
  0.21055E+01  0.10432E+01  0.41996E-01  0.21520E-01  0.15478E-01 -0.72530E-02  0.25864E-01
  0.21322E+01  0.10455E+01  0.40437E-01  0.20794E-01  0.14938E-01 -0.68825E-02  0.25028E-01
  0.21593E+01  0.10479E+01  0.39821E-01  0.20070E-01  0.14387E-01 -0.65102E-02  0.24171E-01
  0.21871E+01  0.10499E+01  0.38072E-01  0.19366E-01  0.13859E-01 -0.61815E-02  0.23342E-01
  0.22154E+01  0.10521E+01  0.37485E-01  0.18686E-01  0.13285E-01 -0.58225E-02  0.22511E-01
  0.22444E+01  0.10538E+01  0.35571E-01  0.18076E-01  0.12750E-01 -0.54585E-02  0.21731E-01
  0.22739E+01  0.10557E+01  0.35094E-01  0.17439E-01  0.12232E-01 -0.50357E-02  0.20924E-01
  0.23041E+01  0.10568E+01  0.33011E-01  0.16793E-01  0.11708E-01 -0.46779E-02  0.20154E-01
  0.23349E+01  0.10583E+01  0.32533E-01  0.16145E-01  0.11174E-01 -0.43013E-02  0.19330E-01
  0.23664E+01  0.10584E+01  0.30205E-01  0.15549E-01  0.10644E-01 -0.39568E-02  0.18584E-01
  0.23985E+01  0.10588E+01  0.29783E-01  0.15012E-01  0.10080E-01 -0.35573E-02  0.17857E-01
  0.24313E+01  0.10586E+01  0.27287E-01  0.14466E-01  0.95882E-02 -0.32009E-02  0.17180E-01
  0.24648E+01  0.10592E+01  0.26997E-01  0.13806E-01  0.90408E-02 -0.27852E-02  0.16419E-01
  0.24990E+01  0.10582E+01  0.24278E-01  0.13125E-01  0.85518E-02 -0.24166E-02  0.15752E-01
  0.25339E+01  0.10575E+01  0.24102E-01  0.12550E-01  0.79929E-02 -0.19497E-02  0.15117E-01
  0.25696E+01  0.10549E+01  0.21200E-01  0.11992E-01  0.75121E-02 -0.14972E-02  0.14528E-01
  0.26059E+01  0.10525E+01  0.21113E-01  0.11464E-01  0.69868E-02 -0.10071E-02  0.13856E-01
  0.26431E+01  0.10474E+01  0.17897E-01  0.11054E-01  0.65617E-02 -0.57165E-03  0.13400E-01
  0.26810E+01  0.10420E+01  0.17846E-01  0.10784E-01  0.60756E-02 -0.10365E-03  0.12944E-01
  0.27197E+01  0.10331E+01  0.14290E-01  0.10607E-01  0.56742E-02  0.32518E-03  0.12630E-01
  0.27592E+01  0.10237E+01  0.14234E-01  0.10672E-01  0.51782E-02  0.74694E-03  0.12369E-01
  0.27995E+01  0.10102E+01  0.10234E-01  0.10970E-01  0.47965E-02  0.11107E-02  0.12398E-01
  0.28406E+01  0.99346E+00  0.10133E-01  0.11250E-01  0.43499E-02  0.14285E-02  0.12338E-01
  0.28825E+01  0.97409E+00  0.58385E-02  0.12341E-01  0.40253E-02  0.18940E-02  0.13004E-01
  0.29253E+01  0.93795E+00  0.56573E-02  0.12855E-01  0.38140E-02  0.20657E-02  0.13206E-01
  0.29689E+01  0.91354E+00  0.11605E-02  0.18538E-01  0.29783E-02  0.32517E-02  0.16707E-01
  0.30133E+01  0.68865E+00  0.93431E-03  0.11599E-01  0.34265E-02  0.26247E-02  0.11692E-01
