 #
 # Data at location X/h =  3.
 #
 #
 #
 # Y/h , u/U_b , v/U_b , uu/U_b^2 , vv/U_b^2 , uv/U_b^2, k/U_b^2
 #
  0.16069E-02 -0.27994E-01  0.34066E-04  0.11850E-02  0.37103E-06 -0.34675E-06  0.13937E-02
  0.48629E-02 -0.74238E-01 -0.86785E-04  0.73011E-02  0.46084E-04  0.18849E-04  0.81026E-02
  0.82042E-02 -0.11023E+00 -0.22932E-03  0.14009E-01  0.24257E-03  0.28782E-04  0.15341E-01
  0.11633E-01 -0.13660E+00 -0.48067E-03  0.19026E-01  0.62208E-03 -0.22403E-04  0.21044E-01
  0.15151E-01 -0.15543E+00 -0.77341E-03  0.22404E-01  0.11620E-02 -0.14288E-03  0.25279E-01
  0.18762E-01 -0.16881E+00 -0.11321E-02  0.24655E-01  0.18307E-02 -0.31843E-03  0.28470E-01
  0.22467E-01 -0.17834E+00 -0.15293E-02  0.26177E-01  0.25947E-02 -0.53004E-03  0.30951E-01
  0.26270E-01 -0.18514E+00 -0.19736E-02  0.27218E-01  0.34277E-02 -0.76604E-03  0.32935E-01
  0.30171E-01 -0.18997E+00 -0.24544E-02  0.27941E-01  0.43059E-02 -0.10190E-02  0.34565E-01
  0.34175E-01 -0.19332E+00 -0.29742E-02  0.28457E-01  0.52118E-02 -0.12826E-02  0.35939E-01
  0.38284E-01 -0.19555E+00 -0.35280E-02  0.28846E-01  0.61307E-02 -0.15531E-02  0.37128E-01
  0.42500E-01 -0.19690E+00 -0.41166E-02  0.29161E-01  0.70519E-02 -0.18308E-02  0.38181E-01
  0.46827E-01 -0.19754E+00 -0.47385E-02  0.29436E-01  0.79664E-02 -0.21164E-02  0.39128E-01
  0.51267E-01 -0.19762E+00 -0.53936E-02  0.29693E-01  0.88686E-02 -0.24080E-02  0.39992E-01
  0.55822E-01 -0.19725E+00 -0.60789E-02  0.29956E-01  0.97537E-02 -0.27042E-02  0.40791E-01
  0.60497E-01 -0.19649E+00 -0.67922E-02  0.30239E-01  0.10618E-01 -0.30064E-02  0.41542E-01
  0.65295E-01 -0.19542E+00 -0.75313E-02  0.30543E-01  0.11460E-01 -0.33158E-02  0.42250E-01
  0.70218E-01 -0.19405E+00 -0.82950E-02  0.30876E-01  0.12277E-01 -0.36311E-02  0.42924E-01
  0.75269E-01 -0.19244E+00 -0.90837E-02  0.31240E-01  0.13071E-01 -0.39514E-02  0.43568E-01
  0.80453E-01 -0.19061E+00 -0.98979E-02  0.31637E-01  0.13843E-01 -0.42772E-02  0.44185E-01
  0.85772E-01 -0.18859E+00 -0.10740E-01  0.32058E-01  0.14591E-01 -0.46089E-02  0.44777E-01
  0.91230E-01 -0.18641E+00 -0.11613E-01  0.32491E-01  0.15319E-01 -0.49443E-02  0.45348E-01
  0.96830E-01 -0.18405E+00 -0.12521E-01  0.32942E-01  0.16030E-01 -0.52853E-02  0.45903E-01
  0.10258E+00 -0.18151E+00 -0.13460E-01  0.33419E-01  0.16725E-01 -0.56328E-02  0.46453E-01
  0.10847E+00 -0.17879E+00 -0.14428E-01  0.33915E-01  0.17408E-01 -0.59843E-02  0.46993E-01
  0.11453E+00 -0.17592E+00 -0.15421E-01  0.34421E-01  0.18079E-01 -0.63406E-02  0.47522E-01
  0.12074E+00 -0.17289E+00 -0.16435E-01  0.34949E-01  0.18741E-01 -0.67036E-02  0.48049E-01
  0.12711E+00 -0.16972E+00 -0.17470E-01  0.35484E-01  0.19399E-01 -0.70741E-02  0.48573E-01
  0.13364E+00 -0.16645E+00 -0.18526E-01  0.36013E-01  0.20056E-01 -0.74515E-02  0.49081E-01
  0.14035E+00 -0.16312E+00 -0.19596E-01  0.36548E-01  0.20714E-01 -0.78371E-02  0.49581E-01
  0.14724E+00 -0.15972E+00 -0.20685E-01  0.37098E-01  0.21372E-01 -0.82297E-02  0.50094E-01
  0.15430E+00 -0.15620E+00 -0.21790E-01  0.37678E-01  0.22030E-01 -0.86312E-02  0.50641E-01
  0.16155E+00 -0.15255E+00 -0.22917E-01  0.38285E-01  0.22688E-01 -0.90407E-02  0.51215E-01
  0.16898E+00 -0.14877E+00 -0.24068E-01  0.38924E-01  0.23345E-01 -0.94585E-02  0.51808E-01
  0.17661E+00 -0.14481E+00 -0.25245E-01  0.39585E-01  0.23999E-01 -0.98874E-02  0.52409E-01
  0.18444E+00 -0.14067E+00 -0.26448E-01  0.40268E-01  0.24644E-01 -0.10327E-01  0.53012E-01
  0.19248E+00 -0.13637E+00 -0.27673E-01  0.40980E-01  0.25282E-01 -0.10774E-01  0.53621E-01
  0.20072E+00 -0.13193E+00 -0.28933E-01  0.41704E-01  0.25913E-01 -0.11233E-01  0.54234E-01
  0.20918E+00 -0.12732E+00 -0.30218E-01  0.42462E-01  0.26538E-01 -0.11699E-01  0.54872E-01
  0.21785E+00 -0.12254E+00 -0.31523E-01  0.43254E-01  0.27157E-01 -0.12175E-01  0.55534E-01
  0.22676E+00 -0.11758E+00 -0.32853E-01  0.44063E-01  0.27776E-01 -0.12654E-01  0.56213E-01
  0.23589E+00 -0.11240E+00 -0.34206E-01  0.44900E-01  0.28399E-01 -0.13143E-01  0.56922E-01
  0.24526E+00 -0.10696E+00 -0.35580E-01  0.45753E-01  0.29023E-01 -0.13631E-01  0.57662E-01
  0.25488E+00 -0.10128E+00 -0.36984E-01  0.46632E-01  0.29642E-01 -0.14130E-01  0.58433E-01
  0.26475E+00 -0.95406E-01 -0.38419E-01  0.47545E-01  0.30262E-01 -0.14650E-01  0.59231E-01
  0.27487E+00 -0.89282E-01 -0.39878E-01  0.48484E-01  0.30881E-01 -0.15190E-01  0.60065E-01
  0.28526E+00 -0.82889E-01 -0.41347E-01  0.49449E-01  0.31498E-01 -0.15751E-01  0.60942E-01
  0.29591E+00 -0.76261E-01 -0.42843E-01  0.50456E-01  0.32108E-01 -0.16335E-01  0.61854E-01
  0.30684E+00 -0.69374E-01 -0.44347E-01  0.51494E-01  0.32712E-01 -0.16942E-01  0.62792E-01
  0.31806E+00 -0.62170E-01 -0.45895E-01  0.52565E-01  0.33310E-01 -0.17569E-01  0.63746E-01
  0.32956E+00 -0.54701E-01 -0.47475E-01  0.53626E-01  0.33900E-01 -0.18196E-01  0.64704E-01
  0.34137E+00 -0.46995E-01 -0.49093E-01  0.54693E-01  0.34479E-01 -0.18835E-01  0.65684E-01
  0.35348E+00 -0.38958E-01 -0.50715E-01  0.55819E-01  0.35049E-01 -0.19463E-01  0.66699E-01
  0.36590E+00 -0.30443E-01 -0.52357E-01  0.56965E-01  0.35610E-01 -0.20096E-01  0.67683E-01
  0.37864E+00 -0.21566E-01 -0.54018E-01  0.58091E-01  0.36162E-01 -0.20743E-01  0.68636E-01
  0.39172E+00 -0.12087E-01 -0.55696E-01  0.59283E-01  0.36703E-01 -0.21393E-01  0.69622E-01
  0.40513E+00 -0.20983E-02 -0.57410E-01  0.60587E-01  0.37241E-01 -0.22040E-01  0.70683E-01
  0.41889E+00  0.83726E-02 -0.59113E-01  0.61961E-01  0.37774E-01 -0.22696E-01  0.71810E-01
  0.43300E+00  0.19251E-01 -0.60796E-01  0.63341E-01  0.38294E-01 -0.23337E-01  0.72996E-01
  0.44747E+00  0.30487E-01 -0.62468E-01  0.64645E-01  0.38794E-01 -0.23961E-01  0.74222E-01
  0.46232E+00  0.42294E-01 -0.64132E-01  0.65873E-01  0.39282E-01 -0.24545E-01  0.75480E-01
  0.47755E+00  0.54569E-01 -0.65774E-01  0.67101E-01  0.39756E-01 -0.25122E-01  0.76793E-01
  0.49317E+00  0.67652E-01 -0.67420E-01  0.68321E-01  0.40225E-01 -0.25650E-01  0.78113E-01
  0.50919E+00  0.81684E-01 -0.69093E-01  0.69569E-01  0.40673E-01 -0.26135E-01  0.79378E-01
  0.52562E+00  0.96086E-01 -0.70878E-01  0.70746E-01  0.41076E-01 -0.26606E-01  0.80530E-01
  0.54247E+00  0.11107E+00 -0.72705E-01  0.72048E-01  0.41446E-01 -0.27088E-01  0.81649E-01
  0.55975E+00  0.12666E+00 -0.74623E-01  0.73470E-01  0.41825E-01 -0.27606E-01  0.82776E-01
  0.57747E+00  0.14306E+00 -0.76508E-01  0.74738E-01  0.42199E-01 -0.28145E-01  0.83768E-01
  0.59565E+00  0.16043E+00 -0.78481E-01  0.75886E-01  0.42517E-01 -0.28667E-01  0.84689E-01
  0.61428E+00  0.17848E+00 -0.80369E-01  0.77040E-01  0.42768E-01 -0.29153E-01  0.85591E-01
  0.63339E+00  0.19772E+00 -0.82268E-01  0.78181E-01  0.42983E-01 -0.29596E-01  0.86455E-01
  0.65299E+00  0.21769E+00 -0.84043E-01  0.79519E-01  0.43214E-01 -0.30001E-01  0.87331E-01
  0.67308E+00  0.23813E+00 -0.85847E-01  0.80744E-01  0.43349E-01 -0.30322E-01  0.88128E-01
  0.69367E+00  0.25964E+00 -0.87563E-01  0.81821E-01  0.43468E-01 -0.30567E-01  0.88819E-01
  0.71479E+00  0.28234E+00 -0.89123E-01  0.82826E-01  0.43555E-01 -0.30801E-01  0.89490E-01
  0.73644E+00  0.30649E+00 -0.90819E-01  0.83676E-01  0.43561E-01 -0.30885E-01  0.89844E-01
  0.75863E+00  0.33164E+00 -0.92459E-01  0.84554E-01  0.43496E-01 -0.30928E-01  0.90204E-01
  0.78138E+00  0.35773E+00 -0.94076E-01  0.85247E-01  0.43316E-01 -0.30868E-01  0.90347E-01
  0.80470E+00  0.38535E+00 -0.95644E-01  0.85399E-01  0.43082E-01 -0.30694E-01  0.90162E-01
  0.82860E+00  0.41338E+00 -0.96847E-01  0.85336E-01  0.42827E-01 -0.30549E-01  0.89878E-01
  0.85309E+00  0.44213E+00 -0.97747E-01  0.85114E-01  0.42455E-01 -0.30376E-01  0.89573E-01
  0.87820E+00  0.47142E+00 -0.98404E-01  0.84756E-01  0.42008E-01 -0.30164E-01  0.89071E-01
  0.90392E+00  0.50093E+00 -0.98896E-01  0.84052E-01  0.41344E-01 -0.29736E-01  0.88086E-01
  0.93029E+00  0.53083E+00 -0.98997E-01  0.83028E-01  0.40606E-01 -0.29167E-01  0.86694E-01
  0.95730E+00  0.56111E+00 -0.99300E-01  0.81840E-01  0.39731E-01 -0.28554E-01  0.85100E-01
  0.98498E+00  0.59230E+00 -0.99238E-01  0.80079E-01  0.38843E-01 -0.27782E-01  0.83143E-01
  0.10133E+01  0.62343E+00 -0.99027E-01  0.77498E-01  0.37744E-01 -0.26797E-01  0.80704E-01
  0.10424E+01  0.65460E+00 -0.98576E-01  0.74917E-01  0.36496E-01 -0.25653E-01  0.78127E-01
  0.10722E+01  0.68486E+00 -0.97997E-01  0.72238E-01  0.35194E-01 -0.24444E-01  0.75288E-01
  0.11026E+01  0.71467E+00 -0.96663E-01  0.68960E-01  0.33924E-01 -0.23056E-01  0.72057E-01
  0.11339E+01  0.74381E+00 -0.95539E-01  0.65527E-01  0.32589E-01 -0.21700E-01  0.68672E-01
  0.11658E+01  0.77155E+00 -0.93978E-01  0.62012E-01  0.31182E-01 -0.20258E-01  0.65117E-01
  0.11986E+01  0.79715E+00 -0.92448E-01  0.58763E-01  0.29714E-01 -0.18778E-01  0.61678E-01
  0.12321E+01  0.82114E+00 -0.90347E-01  0.55387E-01  0.28273E-01 -0.17358E-01  0.58169E-01
  0.12665E+01  0.84315E+00 -0.88152E-01  0.51313E-01  0.26971E-01 -0.15912E-01  0.54432E-01
  0.13016E+01  0.86265E+00 -0.85596E-01  0.47680E-01  0.25648E-01 -0.14596E-01  0.51001E-01
  0.13376E+01  0.87980E+00 -0.83511E-01  0.44745E-01  0.24336E-01 -0.13424E-01  0.48031E-01
  0.13745E+01  0.89512E+00 -0.80790E-01  0.41916E-01  0.23037E-01 -0.12326E-01  0.45155E-01
  0.14122E+01  0.90810E+00 -0.78659E-01  0.39345E-01  0.21772E-01 -0.11393E-01  0.42451E-01
  0.14509E+01  0.91959E+00 -0.75816E-01  0.36882E-01  0.20768E-01 -0.10500E-01  0.40007E-01
  0.14904E+01  0.92955E+00 -0.73509E-01  0.34665E-01  0.19855E-01 -0.96742E-02  0.37900E-01
  0.15309E+01  0.93814E+00 -0.70613E-01  0.32705E-01  0.18969E-01 -0.90229E-02  0.35979E-01
  0.15723E+01  0.94634E+00 -0.68497E-01  0.31009E-01  0.18264E-01 -0.84671E-02  0.34224E-01
  0.16147E+01  0.95423E+00 -0.65765E-01  0.29641E-01  0.17661E-01 -0.80293E-02  0.32706E-01
  0.16581E+01  0.96158E+00 -0.63826E-01  0.28380E-01  0.17061E-01 -0.76479E-02  0.31290E-01
  0.17026E+01  0.96825E+00 -0.61082E-01  0.27119E-01  0.16554E-01 -0.73221E-02  0.30066E-01
  0.17480E+01  0.97453E+00 -0.59296E-01  0.25927E-01  0.16039E-01 -0.70355E-02  0.28767E-01
  0.17946E+01  0.98083E+00 -0.56539E-01  0.24982E-01  0.15574E-01 -0.67750E-02  0.27738E-01
  0.18422E+01  0.98729E+00 -0.54916E-01  0.23922E-01  0.15145E-01 -0.65017E-02  0.26790E-01
  0.18909E+01  0.99315E+00 -0.51947E-01  0.22874E-01  0.14741E-01 -0.62050E-02  0.25788E-01
  0.19408E+01  0.99886E+00 -0.50501E-01  0.21963E-01  0.14370E-01 -0.60164E-02  0.24887E-01
  0.19919E+01  0.10040E+01 -0.47659E-01  0.21312E-01  0.13853E-01 -0.58628E-02  0.24056E-01
  0.20441E+01  0.10099E+01 -0.46229E-01  0.20317E-01  0.13405E-01 -0.55613E-02  0.23138E-01
  0.20976E+01  0.10154E+01 -0.43137E-01  0.19330E-01  0.12862E-01 -0.52342E-02  0.22174E-01
  0.21524E+01  0.10215E+01 -0.41747E-01  0.18129E-01  0.12371E-01 -0.48257E-02  0.21128E-01
  0.22084E+01  0.10265E+01 -0.38404E-01  0.17135E-01  0.11725E-01 -0.43833E-02  0.20110E-01
  0.22658E+01  0.10317E+01 -0.37049E-01  0.16251E-01  0.11112E-01 -0.38808E-02  0.19252E-01
  0.23246E+01  0.10347E+01 -0.33475E-01  0.15631E-01  0.10327E-01 -0.33748E-02  0.18349E-01
  0.23848E+01  0.10374E+01 -0.32202E-01  0.14722E-01  0.97266E-02 -0.28607E-02  0.17320E-01
  0.24464E+01  0.10365E+01 -0.28379E-01  0.13961E-01  0.89275E-02 -0.23724E-02  0.16278E-01
  0.25095E+01  0.10369E+01 -0.27186E-01  0.13073E-01  0.82439E-02 -0.17809E-02  0.15270E-01
  0.25742E+01  0.10319E+01 -0.22997E-01  0.12397E-01  0.74085E-02 -0.12181E-02  0.14383E-01
  0.26405E+01  0.10295E+01 -0.21844E-01  0.11773E-01  0.67270E-02 -0.52684E-03  0.13714E-01
  0.27084E+01  0.10144E+01 -0.17169E-01  0.11451E-01  0.58422E-02  0.89964E-05  0.13053E-01
  0.27781E+01  0.10070E+01 -0.16075E-01  0.11735E-01  0.51556E-02  0.85303E-03  0.13041E-01
  0.28494E+01  0.96181E+00 -0.10625E-01  0.12526E-01  0.46880E-02  0.13752E-02  0.13343E-01
  0.29226E+01  0.94483E+00 -0.92768E-02  0.18697E-01  0.34338E-02  0.31183E-02  0.17174E-01
  0.29977E+01  0.66113E+00 -0.16701E-02  0.13687E-01  0.59846E-02  0.31958E-02  0.14334E-01
