TITLE     = "on"
variables="x/c","y/c","u/Uinf","v/Uinf","uu/Uinf^2","vv/Uinf^2","uv/Uinf^2"
 8.994275928E-01 1.616123021E-01 1.099230528E+00 -1.676899642E-01 2.720079210E-04 8.958393591E-04 -4.915132376E-05
 8.994275928E-01 1.591318399E-01 1.098717332E+00 -1.697971970E-01 3.252013121E-04 9.680009098E-04 -6.586671952E-05
 8.994275928E-01 1.566513628E-01 1.097872615E+00 -1.716957241E-01 3.757033264E-04 1.067102188E-03 -9.284305997E-05
 8.994275928E-01 1.541708857E-01 1.096412539E+00 -1.729016751E-01 4.362808540E-04 1.205970766E-03 -1.435940067E-04
 8.994275928E-01 1.516904235E-01 1.095467687E+00 -1.743904948E-01 5.886431318E-04 1.347333775E-03 -2.128804772E-04
 8.994275928E-01 1.492099464E-01 1.093439937E+00 -1.770218760E-01 8.122347645E-04 1.481022569E-03 -2.743342775E-04
 8.994275928E-01 1.467294693E-01 1.090758920E+00 -1.794254333E-01 1.023594989E-03 1.641912502E-03 -3.094281419E-04
 8.994275928E-01 1.444398016E-01 1.087781191E+00 -1.808699667E-01 1.234922674E-03 1.841042889E-03 -3.518117883E-04
 8.994275928E-01 1.419593394E-01 1.084742785E+00 -1.821292788E-01 1.482193707E-03 2.065520035E-03 -4.583247064E-04
 8.994275928E-01 1.394788623E-01 1.080725789E+00 -1.828551143E-01 1.810600865E-03 2.295830986E-03 -6.359367399E-04
 8.994275928E-01 1.369983852E-01 1.074372292E+00 -1.834200919E-01 2.309586154E-03 2.476688242E-03 -8.365481626E-04
 8.994275928E-01 1.345179081E-01 1.067597508E+00 -1.848522723E-01 2.990334760E-03 2.584881615E-03 -1.020397409E-03
 8.994275928E-01 1.320374459E-01 1.060604930E+00 -1.868044138E-01 3.786620917E-03 2.700824523E-03 -1.221259474E-03
 8.994275928E-01 1.295569688E-01 1.052857995E+00 -1.877243072E-01 4.643427208E-03 2.898514038E-03 -1.503047301E-03
 8.994275928E-01 1.270765066E-01 1.044922471E+00 -1.870544851E-01 5.447910167E-03 3.124516457E-03 -1.851766719E-03
 8.994275928E-01 1.247868314E-01 1.037579536E+00 -1.867097616E-01 6.120060105E-03 3.287092783E-03 -2.190118190E-03
 8.994275928E-01 1.223063618E-01 1.028374195E+00 -1.871654391E-01 6.763345562E-03 3.416375490E-03 -2.490832470E-03
 8.994275928E-01 1.198258922E-01 1.017184258E+00 -1.873614788E-01 7.445123978E-03 3.551857779E-03 -2.724586520E-03
 8.994275928E-01 1.173454225E-01 1.005144358E+00 -1.871431768E-01 8.089700714E-03 3.651832696E-03 -2.835296094E-03
 8.994275928E-01 1.148649380E-01 9.935470819E-01 -1.864546239E-01 8.642737754E-03 3.797333920E-03 -2.934342949E-03
 8.994275928E-01 1.123844683E-01 9.829906225E-01 -1.857332736E-01 9.133852087E-03 4.146702122E-03 -3.159810789E-03
 8.994275928E-01 1.099039987E-01 9.726590514E-01 -1.847099215E-01 9.519291110E-03 4.643965513E-03 -3.338704817E-03
 8.994275928E-01 1.074235290E-01 9.610671997E-01 -1.847129166E-01 9.878864512E-03 5.160169676E-03 -3.369240789E-03
 8.994275928E-01 1.049430594E-01 9.470503926E-01 -1.847565323E-01 1.063762512E-02 5.737665109E-03 -3.577686381E-03
 8.994275928E-01 1.026533842E-01 9.318907261E-01 -1.840456426E-01 1.216171496E-02 6.404180080E-03 -4.154195078E-03
 8.994275928E-01 1.001729146E-01 9.148029089E-01 -1.834034622E-01 1.449112222E-02 7.155739237E-03 -5.000452511E-03
 8.994275928E-01 9.769244492E-02 8.978442550E-01 -1.816032976E-01 1.758348383E-02 8.185277693E-03 -6.258855108E-03
 8.994275928E-01 9.521197528E-02 8.799188137E-01 -1.785360128E-01 2.129380777E-02 9.644533508E-03 -8.116132580E-03
 8.994275928E-01 9.273150563E-02 8.605437875E-01 -1.765313894E-01 2.492947131E-02 1.124955155E-02 -1.012390014E-02
 8.994275928E-01 9.025102109E-02 8.396490216E-01 -1.769186705E-01 2.822253667E-02 1.272466313E-02 -1.171577070E-02
 8.994275928E-01 8.777055144E-02 8.172670007E-01 -1.782100946E-01 3.195054829E-02 1.404697355E-02 -1.297998894E-02
 8.994275928E-01 8.529008180E-02 7.921484709E-01 -1.789647490E-01 3.640764579E-02 1.513312198E-02 -1.414934825E-02
 8.994275928E-01 8.300042152E-02 7.665309310E-01 -1.795850545E-01 4.109721631E-02 1.601258107E-02 -1.517824177E-02
 8.994275928E-01 8.051995188E-02 7.413674593E-01 -1.788986027E-01 4.575979337E-02 1.696122438E-02 -1.603277214E-02
 8.994275928E-01 7.803946733E-02 7.183222175E-01 -1.769114733E-01 5.049345270E-02 1.826755889E-02 -1.692416146E-02
 8.994275928E-01 7.555899769E-02 6.954341531E-01 -1.746036410E-01 5.512391031E-02 2.004963718E-02 -1.812588051E-02
 8.994275928E-01 7.307852805E-02 6.674270630E-01 -1.710271686E-01 5.898935720E-02 2.216910571E-02 -1.974540204E-02
 8.994275928E-01 7.059805840E-02 6.377518177E-01 -1.673174351E-01 6.196657568E-02 2.431470528E-02 -2.174834162E-02
 8.994275928E-01 6.811758131E-02 6.057115197E-01 -1.630879790E-01 6.473244727E-02 2.635452710E-02 -2.382265404E-02
 8.994275928E-01 6.563711166E-02 5.723516941E-01 -1.605701149E-01 6.787268072E-02 2.822331339E-02 -2.539720014E-02
 8.994275928E-01 6.334744394E-02 5.389152765E-01 -1.577089876E-01 7.167752087E-02 2.979912795E-02 -2.652152069E-02
 8.994275928E-01 6.086697429E-02 5.042713881E-01 -1.547474563E-01 7.564456761E-02 3.114692867E-02 -2.786384337E-02
 8.994275928E-01 5.838649720E-02 4.704995751E-01 -1.515914798E-01 7.838238776E-02 3.245918080E-02 -2.944505587E-02
 8.994275928E-01 5.590602756E-02 4.378989935E-01 -1.494731009E-01 7.890160382E-02 3.369492665E-02 -3.063982725E-02
 8.994275928E-01 5.342555791E-02 4.022935033E-01 -1.454720497E-01 7.727750391E-02 3.465774655E-02 -3.123539500E-02
 8.994275928E-01 5.094508082E-02 3.648989201E-01 -1.395541728E-01 7.431036979E-02 3.535215929E-02 -3.153032437E-02
 8.994275928E-01 4.846461117E-02 3.285996914E-01 -1.328786165E-01 7.111603767E-02 3.586186841E-02 -3.151260689E-02
 8.994275928E-01 4.598414153E-02 2.964184284E-01 -1.257409304E-01 6.887902319E-02 3.624154255E-02 -3.091199696E-02
 8.994275928E-01 4.350366443E-02 2.649235427E-01 -1.182990819E-01 6.805454940E-02 3.647017479E-02 -2.976722457E-02
 8.994275928E-01 4.121399671E-02 2.375666350E-01 -1.129943356E-01 6.688445061E-02 3.634393215E-02 -2.811580896E-02
 8.994275928E-01 3.873352706E-02 2.101235092E-01 -1.078822240E-01 6.281798333E-02 3.557298705E-02 -2.587861568E-02
 8.994275928E-01 3.625305369E-02 1.874816418E-01 -9.980248660E-02 5.683343112E-02 3.430048004E-02 -2.353648096E-02
 8.994275928E-01 3.377258405E-02 1.675554961E-01 -9.072063118E-02 5.225380510E-02 3.306895122E-02 -2.178732306E-02
 8.994275928E-01 3.129211068E-02 1.482923180E-01 -8.314806968E-02 4.954861477E-02 3.200351074E-02 -2.052926458E-02
 8.994275928E-01 2.881163917E-02 1.266266108E-01 -7.860809565E-02 4.682228342E-02 3.085444309E-02 -1.910936087E-02
 8.994275928E-01 2.633116581E-02 1.030231193E-01 -7.128994167E-02 4.342618585E-02 2.955997735E-02 -1.739178412E-02
 8.994275928E-01 2.385069616E-02 8.048243076E-02 -6.211170554E-02 4.057040811E-02 2.834109776E-02 -1.582285203E-02
 8.994275928E-01 2.156102844E-02 6.529034674E-02 -5.528861284E-02 3.888937458E-02 2.706811950E-02 -1.435630862E-02
 8.994275928E-01 1.908055507E-02 5.183167383E-02 -4.855788872E-02 3.751291335E-02 2.502749488E-02 -1.250748802E-02
 8.994275928E-01 1.660008356E-02 3.748991340E-02 -3.958075121E-02 3.593462333E-02 2.208513580E-02 -1.025903691E-02
 8.994275928E-01 1.411961112E-02 1.979537681E-02 -2.985893004E-02 3.400984034E-02 1.830925979E-02 -7.992221043E-03
 8.994275928E-01 1.163913868E-02 -5.860693636E-04 -1.315286104E-02 3.037099726E-02 1.340705715E-02 -5.941245705E-03
 8.994275928E-01 9.158667177E-03 -2.035630122E-02 -1.146005746E-02 2.446453273E-02 8.573147468E-03 -4.203799181E-03
 8.994275928E-01 6.678195205E-03 -2.991901711E-02 -4.700722639E-03 1.791761443E-02 6.014450919E-03 -2.957363147E-03
