/*--------------------------------*- C++ -*----------------------------------*\
| =========                 |                                                 |
| \\      /  F ield         | OpenFOAM: The Open Source CFD Toolbox           |
|  \\    /   O peration     | Version:  4.0                                   |
|   \\  /    A nd           | Web:      www.OpenFOAM.org                      |
|    \\/     M anipulation  |                                                 |
\*---------------------------------------------------------------------------*/
FoamFile
{
    version     2.0;
    format      ascii;
    class       labelList;
    note        "nPoints: 6594 nCells: 3136 nFaces: 12704 nInternalFaces: 6112";
    location    "constant/polyMesh";
    object      neighbour;
}
// * * * * * * * * * * * * * * * * * * * * * * * * * * * * * * * * * * * * * //


6112
(
1
16
2
17
3
18
4
19
5
20
6
21
7
22
8
23
9
24
10
25
11
26
12
27
13
28
14
29
15
30
31
1216
17
32
18
33
19
34
20
35
21
36
22
37
23
38
24
39
25
40
26
41
27
42
28
43
29
44
30
45
31
46
47
1336
33
48
34
49
35
50
36
51
37
52
38
53
39
54
40
55
41
56
42
57
43
58
44
59
45
60
46
61
47
62
63
1456
49
64
50
65
51
66
52
67
53
68
54
69
55
70
56
71
57
72
58
73
59
74
60
75
61
76
62
77
63
78
79
1576
65
80
66
81
67
82
68
83
69
84
70
85
71
86
72
87
73
88
74
89
75
90
76
91
77
92
78
93
79
94
95
1696
81
96
82
97
83
98
84
99
85
100
86
101
87
102
88
103
89
104
90
105
91
106
92
107
93
108
94
109
95
110
111
1816
97
112
98
113
99
114
100
115
101
116
102
117
103
118
104
119
105
120
106
121
107
122
108
123
109
124
110
125
111
126
127
1936
113
128
114
129
115
130
116
131
117
132
118
133
119
134
120
135
121
136
122
137
123
138
124
139
125
140
126
141
127
142
143
2056
129
144
130
145
131
146
132
147
133
148
134
149
135
150
136
151
137
152
138
153
139
154
140
155
141
156
142
157
143
158
159
2176
145
160
146
161
147
162
148
163
149
164
150
165
151
166
152
167
153
168
154
169
155
170
156
171
157
172
158
173
159
174
175
2296
161
176
162
177
163
178
164
179
165
180
166
181
167
182
168
183
169
184
170
185
171
186
172
187
173
188
174
189
175
190
191
2416
177
192
178
193
179
194
180
195
181
196
182
197
183
198
184
199
185
200
186
201
187
202
188
203
189
204
190
205
191
206
207
2536
193
208
194
209
195
210
196
211
197
212
198
213
199
214
200
215
201
216
202
217
203
218
204
219
205
220
206
221
207
222
223
2656
209
224
210
225
211
226
212
227
213
228
214
229
215
230
216
231
217
232
218
233
219
234
220
235
221
236
222
237
223
238
239
2776
225
240
226
241
227
242
228
243
229
244
230
245
231
246
232
247
233
248
234
249
235
250
236
251
237
252
238
253
239
254
255
2896
241
242
243
244
245
246
247
248
249
250
251
252
253
254
255
3016
257
376
258
377
259
378
260
379
261
380
262
381
263
382
264
383
265
384
266
385
267
386
268
387
269
388
270
389
271
390
272
391
273
392
274
393
275
394
276
395
277
396
278
397
279
398
280
399
281
400
282
401
283
402
284
403
285
404
286
405
287
406
288
407
289
408
290
409
291
410
292
411
293
412
294
413
295
414
296
415
297
416
298
417
299
418
300
419
301
420
302
421
303
422
304
423
305
424
306
425
307
426
308
427
309
428
310
429
311
430
312
431
313
432
314
433
315
434
316
435
317
436
318
437
319
438
320
439
321
440
322
441
323
442
324
443
325
444
326
445
327
446
328
447
329
448
330
449
331
450
332
451
333
452
334
453
335
454
336
455
337
456
338
457
339
458
340
459
341
460
342
461
343
462
344
463
345
464
346
465
347
466
348
467
349
468
350
469
351
470
352
471
353
472
354
473
355
474
356
475
357
476
358
477
359
478
360
479
361
480
362
481
363
482
364
483
365
484
366
485
367
486
368
487
369
488
370
489
371
490
372
491
373
492
374
493
375
494
495
377
496
378
497
379
498
380
499
381
500
382
501
383
502
384
503
385
504
386
505
387
506
388
507
389
508
390
509
391
510
392
511
393
512
394
513
395
514
396
515
397
516
398
517
399
518
400
519
401
520
402
521
403
522
404
523
405
524
406
525
407
526
408
527
409
528
410
529
411
530
412
531
413
532
414
533
415
534
416
535
417
536
418
537
419
538
420
539
421
540
422
541
423
542
424
543
425
544
426
545
427
546
428
547
429
548
430
549
431
550
432
551
433
552
434
553
435
554
436
555
437
556
438
557
439
558
440
559
441
560
442
561
443
562
444
563
445
564
446
565
447
566
448
567
449
568
450
569
451
570
452
571
453
572
454
573
455
574
456
575
457
576
458
577
459
578
460
579
461
580
462
581
463
582
464
583
465
584
466
585
467
586
468
587
469
588
470
589
471
590
472
591
473
592
474
593
475
594
476
595
477
596
478
597
479
598
480
599
481
600
482
601
483
602
484
603
485
604
486
605
487
606
488
607
489
608
490
609
491
610
492
611
493
612
494
613
495
614
615
497
616
498
617
499
618
500
619
501
620
502
621
503
622
504
623
505
624
506
625
507
626
508
627
509
628
510
629
511
630
512
631
513
632
514
633
515
634
516
635
517
636
518
637
519
638
520
639
521
640
522
641
523
642
524
643
525
644
526
645
527
646
528
647
529
648
530
649
531
650
532
651
533
652
534
653
535
654
536
655
537
656
538
657
539
658
540
659
541
660
542
661
543
662
544
663
545
664
546
665
547
666
548
667
549
668
550
669
551
670
552
671
553
672
554
673
555
674
556
675
557
676
558
677
559
678
560
679
561
680
562
681
563
682
564
683
565
684
566
685
567
686
568
687
569
688
570
689
571
690
572
691
573
692
574
693
575
694
576
695
577
696
578
697
579
698
580
699
581
700
582
701
583
702
584
703
585
704
586
705
587
706
588
707
589
708
590
709
591
710
592
711
593
712
594
713
595
714
596
715
597
716
598
717
599
718
600
719
601
720
602
721
603
722
604
723
605
724
606
725
607
726
608
727
609
728
610
729
611
730
612
731
613
732
614
733
615
734
735
617
736
618
737
619
738
620
739
621
740
622
741
623
742
624
743
625
744
626
745
627
746
628
747
629
748
630
749
631
750
632
751
633
752
634
753
635
754
636
755
637
756
638
757
639
758
640
759
641
760
642
761
643
762
644
763
645
764
646
765
647
766
648
767
649
768
650
769
651
770
652
771
653
772
654
773
655
774
656
775
657
776
658
777
659
778
660
779
661
780
662
781
663
782
664
783
665
784
666
785
667
786
668
787
669
788
670
789
671
790
672
791
673
792
674
793
675
794
676
795
677
796
678
797
679
798
680
799
681
800
682
801
683
802
684
803
685
804
686
805
687
806
688
807
689
808
690
809
691
810
692
811
693
812
694
813
695
814
696
815
697
816
698
817
699
818
700
819
701
820
702
821
703
822
704
823
705
824
706
825
707
826
708
827
709
828
710
829
711
830
712
831
713
832
714
833
715
834
716
835
717
836
718
837
719
838
720
839
721
840
722
841
723
842
724
843
725
844
726
845
727
846
728
847
729
848
730
849
731
850
732
851
733
852
734
853
735
854
855
737
856
738
857
739
858
740
859
741
860
742
861
743
862
744
863
745
864
746
865
747
866
748
867
749
868
750
869
751
870
752
871
753
872
754
873
755
874
756
875
757
876
758
877
759
878
760
879
761
880
762
881
763
882
764
883
765
884
766
885
767
886
768
887
769
888
770
889
771
890
772
891
773
892
774
893
775
894
776
895
777
896
778
897
779
898
780
899
781
900
782
901
783
902
784
903
785
904
786
905
787
906
788
907
789
908
790
909
791
910
792
911
793
912
794
913
795
914
796
915
797
916
798
917
799
918
800
919
801
920
802
921
803
922
804
923
805
924
806
925
807
926
808
927
809
928
810
929
811
930
812
931
813
932
814
933
815
934
816
935
817
936
818
937
819
938
820
939
821
940
822
941
823
942
824
943
825
944
826
945
827
946
828
947
829
948
830
949
831
950
832
951
833
952
834
953
835
954
836
955
837
956
838
957
839
958
840
959
841
960
842
961
843
962
844
963
845
964
846
965
847
966
848
967
849
968
850
969
851
970
852
971
853
972
854
973
855
974
975
857
976
858
977
859
978
860
979
861
980
862
981
863
982
864
983
865
984
866
985
867
986
868
987
869
988
870
989
871
990
872
991
873
992
874
993
875
994
876
995
877
996
878
997
879
998
880
999
881
1000
882
1001
883
1002
884
1003
885
1004
886
1005
887
1006
888
1007
889
1008
890
1009
891
1010
892
1011
893
1012
894
1013
895
1014
896
1015
897
1016
898
1017
899
1018
900
1019
901
1020
902
1021
903
1022
904
1023
905
1024
906
1025
907
1026
908
1027
909
1028
910
1029
911
1030
912
1031
913
1032
914
1033
915
1034
916
1035
917
1036
918
1037
919
1038
920
1039
921
1040
922
1041
923
1042
924
1043
925
1044
926
1045
927
1046
928
1047
929
1048
930
1049
931
1050
932
1051
933
1052
934
1053
935
1054
936
1055
937
1056
938
1057
939
1058
940
1059
941
1060
942
1061
943
1062
944
1063
945
1064
946
1065
947
1066
948
1067
949
1068
950
1069
951
1070
952
1071
953
1072
954
1073
955
1074
956
1075
957
1076
958
1077
959
1078
960
1079
961
1080
962
1081
963
1082
964
1083
965
1084
966
1085
967
1086
968
1087
969
1088
970
1089
971
1090
972
1091
973
1092
974
1093
975
1094
1095
977
1096
978
1097
979
1098
980
1099
981
1100
982
1101
983
1102
984
1103
985
1104
986
1105
987
1106
988
1107
989
1108
990
1109
991
1110
992
1111
993
1112
994
1113
995
1114
996
1115
997
1116
998
1117
999
1118
1000
1119
1001
1120
1002
1121
1003
1122
1004
1123
1005
1124
1006
1125
1007
1126
1008
1127
1009
1128
1010
1129
1011
1130
1012
1131
1013
1132
1014
1133
1015
1134
1016
1135
1017
1136
1018
1137
1019
1138
1020
1139
1021
1140
1022
1141
1023
1142
1024
1143
1025
1144
1026
1145
1027
1146
1028
1147
1029
1148
1030
1149
1031
1150
1032
1151
1033
1152
1034
1153
1035
1154
1036
1155
1037
1156
1038
1157
1039
1158
1040
1159
1041
1160
1042
1161
1043
1162
1044
1163
1045
1164
1046
1165
1047
1166
1048
1167
1049
1168
1050
1169
1051
1170
1052
1171
1053
1172
1054
1173
1055
1174
1056
1175
1057
1176
1058
1177
1059
1178
1060
1179
1061
1180
1062
1181
1063
1182
1064
1183
1065
1184
1066
1185
1067
1186
1068
1187
1069
1188
1070
1189
1071
1190
1072
1191
1073
1192
1074
1193
1075
1194
1076
1195
1077
1196
1078
1197
1079
1198
1080
1199
1081
1200
1082
1201
1083
1202
1084
1203
1085
1204
1086
1205
1087
1206
1088
1207
1089
1208
1090
1209
1091
1210
1092
1211
1093
1212
1094
1213
1095
1214
1215
1097
1216
1098
1217
1099
1218
1100
1219
1101
1220
1102
1221
1103
1222
1104
1223
1105
1224
1106
1225
1107
1226
1108
1227
1109
1228
1110
1229
1111
1230
1112
1231
1113
1232
1114
1233
1115
1234
1116
1235
1117
1236
1118
1237
1119
1238
1120
1239
1121
1240
1122
1241
1123
1242
1124
1243
1125
1244
1126
1245
1127
1246
1128
1247
1129
1248
1130
1249
1131
1250
1132
1251
1133
1252
1134
1253
1135
1254
1136
1255
1137
1256
1138
1257
1139
1258
1140
1259
1141
1260
1142
1261
1143
1262
1144
1263
1145
1264
1146
1265
1147
1266
1148
1267
1149
1268
1150
1269
1151
1270
1152
1271
1153
1272
1154
1273
1155
1274
1156
1275
1157
1276
1158
1277
1159
1278
1160
1279
1161
1280
1162
1281
1163
1282
1164
1283
1165
1284
1166
1285
1167
1286
1168
1287
1169
1288
1170
1289
1171
1290
1172
1291
1173
1292
1174
1293
1175
1294
1176
1295
1177
1296
1178
1297
1179
1298
1180
1299
1181
1300
1182
1301
1183
1302
1184
1303
1185
1304
1186
1305
1187
1306
1188
1307
1189
1308
1190
1309
1191
1310
1192
1311
1193
1312
1194
1313
1195
1314
1196
1315
1197
1316
1198
1317
1199
1318
1200
1319
1201
1320
1202
1321
1203
1322
1204
1323
1205
1324
1206
1325
1207
1326
1208
1327
1209
1328
1210
1329
1211
1330
1212
1331
1213
1332
1214
1333
1215
1334
1335
1217
1336
1218
1337
1219
1338
1220
1339
1221
1340
1222
1341
1223
1342
1224
1343
1225
1344
1226
1345
1227
1346
1228
1347
1229
1348
1230
1349
1231
1350
1232
1351
1233
1352
1234
1353
1235
1354
1236
1355
1237
1356
1238
1357
1239
1358
1240
1359
1241
1360
1242
1361
1243
1362
1244
1363
1245
1364
1246
1365
1247
1366
1248
1367
1249
1368
1250
1369
1251
1370
1252
1371
1253
1372
1254
1373
1255
1374
1256
1375
1257
1376
1258
1377
1259
1378
1260
1379
1261
1380
1262
1381
1263
1382
1264
1383
1265
1384
1266
1385
1267
1386
1268
1387
1269
1388
1270
1389
1271
1390
1272
1391
1273
1392
1274
1393
1275
1394
1276
1395
1277
1396
1278
1397
1279
1398
1280
1399
1281
1400
1282
1401
1283
1402
1284
1403
1285
1404
1286
1405
1287
1406
1288
1407
1289
1408
1290
1409
1291
1410
1292
1411
1293
1412
1294
1413
1295
1414
1296
1415
1297
1416
1298
1417
1299
1418
1300
1419
1301
1420
1302
1421
1303
1422
1304
1423
1305
1424
1306
1425
1307
1426
1308
1427
1309
1428
1310
1429
1311
1430
1312
1431
1313
1432
1314
1433
1315
1434
1316
1435
1317
1436
1318
1437
1319
1438
1320
1439
1321
1440
1322
1441
1323
1442
1324
1443
1325
1444
1326
1445
1327
1446
1328
1447
1329
1448
1330
1449
1331
1450
1332
1451
1333
1452
1334
1453
1335
1454
1455
1337
1456
1338
1457
1339
1458
1340
1459
1341
1460
1342
1461
1343
1462
1344
1463
1345
1464
1346
1465
1347
1466
1348
1467
1349
1468
1350
1469
1351
1470
1352
1471
1353
1472
1354
1473
1355
1474
1356
1475
1357
1476
1358
1477
1359
1478
1360
1479
1361
1480
1362
1481
1363
1482
1364
1483
1365
1484
1366
1485
1367
1486
1368
1487
1369
1488
1370
1489
1371
1490
1372
1491
1373
1492
1374
1493
1375
1494
1376
1495
1377
1496
1378
1497
1379
1498
1380
1499
1381
1500
1382
1501
1383
1502
1384
1503
1385
1504
1386
1505
1387
1506
1388
1507
1389
1508
1390
1509
1391
1510
1392
1511
1393
1512
1394
1513
1395
1514
1396
1515
1397
1516
1398
1517
1399
1518
1400
1519
1401
1520
1402
1521
1403
1522
1404
1523
1405
1524
1406
1525
1407
1526
1408
1527
1409
1528
1410
1529
1411
1530
1412
1531
1413
1532
1414
1533
1415
1534
1416
1535
1417
1536
1418
1537
1419
1538
1420
1539
1421
1540
1422
1541
1423
1542
1424
1543
1425
1544
1426
1545
1427
1546
1428
1547
1429
1548
1430
1549
1431
1550
1432
1551
1433
1552
1434
1553
1435
1554
1436
1555
1437
1556
1438
1557
1439
1558
1440
1559
1441
1560
1442
1561
1443
1562
1444
1563
1445
1564
1446
1565
1447
1566
1448
1567
1449
1568
1450
1569
1451
1570
1452
1571
1453
1572
1454
1573
1455
1574
1575
1457
1576
1458
1577
1459
1578
1460
1579
1461
1580
1462
1581
1463
1582
1464
1583
1465
1584
1466
1585
1467
1586
1468
1587
1469
1588
1470
1589
1471
1590
1472
1591
1473
1592
1474
1593
1475
1594
1476
1595
1477
1596
1478
1597
1479
1598
1480
1599
1481
1600
1482
1601
1483
1602
1484
1603
1485
1604
1486
1605
1487
1606
1488
1607
1489
1608
1490
1609
1491
1610
1492
1611
1493
1612
1494
1613
1495
1614
1496
1615
1497
1616
1498
1617
1499
1618
1500
1619
1501
1620
1502
1621
1503
1622
1504
1623
1505
1624
1506
1625
1507
1626
1508
1627
1509
1628
1510
1629
1511
1630
1512
1631
1513
1632
1514
1633
1515
1634
1516
1635
1517
1636
1518
1637
1519
1638
1520
1639
1521
1640
1522
1641
1523
1642
1524
1643
1525
1644
1526
1645
1527
1646
1528
1647
1529
1648
1530
1649
1531
1650
1532
1651
1533
1652
1534
1653
1535
1654
1536
1655
1537
1656
1538
1657
1539
1658
1540
1659
1541
1660
1542
1661
1543
1662
1544
1663
1545
1664
1546
1665
1547
1666
1548
1667
1549
1668
1550
1669
1551
1670
1552
1671
1553
1672
1554
1673
1555
1674
1556
1675
1557
1676
1558
1677
1559
1678
1560
1679
1561
1680
1562
1681
1563
1682
1564
1683
1565
1684
1566
1685
1567
1686
1568
1687
1569
1688
1570
1689
1571
1690
1572
1691
1573
1692
1574
1693
1575
1694
1695
1577
1696
1578
1697
1579
1698
1580
1699
1581
1700
1582
1701
1583
1702
1584
1703
1585
1704
1586
1705
1587
1706
1588
1707
1589
1708
1590
1709
1591
1710
1592
1711
1593
1712
1594
1713
1595
1714
1596
1715
1597
1716
1598
1717
1599
1718
1600
1719
1601
1720
1602
1721
1603
1722
1604
1723
1605
1724
1606
1725
1607
1726
1608
1727
1609
1728
1610
1729
1611
1730
1612
1731
1613
1732
1614
1733
1615
1734
1616
1735
1617
1736
1618
1737
1619
1738
1620
1739
1621
1740
1622
1741
1623
1742
1624
1743
1625
1744
1626
1745
1627
1746
1628
1747
1629
1748
1630
1749
1631
1750
1632
1751
1633
1752
1634
1753
1635
1754
1636
1755
1637
1756
1638
1757
1639
1758
1640
1759
1641
1760
1642
1761
1643
1762
1644
1763
1645
1764
1646
1765
1647
1766
1648
1767
1649
1768
1650
1769
1651
1770
1652
1771
1653
1772
1654
1773
1655
1774
1656
1775
1657
1776
1658
1777
1659
1778
1660
1779
1661
1780
1662
1781
1663
1782
1664
1783
1665
1784
1666
1785
1667
1786
1668
1787
1669
1788
1670
1789
1671
1790
1672
1791
1673
1792
1674
1793
1675
1794
1676
1795
1677
1796
1678
1797
1679
1798
1680
1799
1681
1800
1682
1801
1683
1802
1684
1803
1685
1804
1686
1805
1687
1806
1688
1807
1689
1808
1690
1809
1691
1810
1692
1811
1693
1812
1694
1813
1695
1814
1815
1697
1816
1698
1817
1699
1818
1700
1819
1701
1820
1702
1821
1703
1822
1704
1823
1705
1824
1706
1825
1707
1826
1708
1827
1709
1828
1710
1829
1711
1830
1712
1831
1713
1832
1714
1833
1715
1834
1716
1835
1717
1836
1718
1837
1719
1838
1720
1839
1721
1840
1722
1841
1723
1842
1724
1843
1725
1844
1726
1845
1727
1846
1728
1847
1729
1848
1730
1849
1731
1850
1732
1851
1733
1852
1734
1853
1735
1854
1736
1855
1737
1856
1738
1857
1739
1858
1740
1859
1741
1860
1742
1861
1743
1862
1744
1863
1745
1864
1746
1865
1747
1866
1748
1867
1749
1868
1750
1869
1751
1870
1752
1871
1753
1872
1754
1873
1755
1874
1756
1875
1757
1876
1758
1877
1759
1878
1760
1879
1761
1880
1762
1881
1763
1882
1764
1883
1765
1884
1766
1885
1767
1886
1768
1887
1769
1888
1770
1889
1771
1890
1772
1891
1773
1892
1774
1893
1775
1894
1776
1895
1777
1896
1778
1897
1779
1898
1780
1899
1781
1900
1782
1901
1783
1902
1784
1903
1785
1904
1786
1905
1787
1906
1788
1907
1789
1908
1790
1909
1791
1910
1792
1911
1793
1912
1794
1913
1795
1914
1796
1915
1797
1916
1798
1917
1799
1918
1800
1919
1801
1920
1802
1921
1803
1922
1804
1923
1805
1924
1806
1925
1807
1926
1808
1927
1809
1928
1810
1929
1811
1930
1812
1931
1813
1932
1814
1933
1815
1934
1935
1817
1936
1818
1937
1819
1938
1820
1939
1821
1940
1822
1941
1823
1942
1824
1943
1825
1944
1826
1945
1827
1946
1828
1947
1829
1948
1830
1949
1831
1950
1832
1951
1833
1952
1834
1953
1835
1954
1836
1955
1837
1956
1838
1957
1839
1958
1840
1959
1841
1960
1842
1961
1843
1962
1844
1963
1845
1964
1846
1965
1847
1966
1848
1967
1849
1968
1850
1969
1851
1970
1852
1971
1853
1972
1854
1973
1855
1974
1856
1975
1857
1976
1858
1977
1859
1978
1860
1979
1861
1980
1862
1981
1863
1982
1864
1983
1865
1984
1866
1985
1867
1986
1868
1987
1869
1988
1870
1989
1871
1990
1872
1991
1873
1992
1874
1993
1875
1994
1876
1995
1877
1996
1878
1997
1879
1998
1880
1999
1881
2000
1882
2001
1883
2002
1884
2003
1885
2004
1886
2005
1887
2006
1888
2007
1889
2008
1890
2009
1891
2010
1892
2011
1893
2012
1894
2013
1895
2014
1896
2015
1897
2016
1898
2017
1899
2018
1900
2019
1901
2020
1902
2021
1903
2022
1904
2023
1905
2024
1906
2025
1907
2026
1908
2027
1909
2028
1910
2029
1911
2030
1912
2031
1913
2032
1914
2033
1915
2034
1916
2035
1917
2036
1918
2037
1919
2038
1920
2039
1921
2040
1922
2041
1923
2042
1924
2043
1925
2044
1926
2045
1927
2046
1928
2047
1929
2048
1930
2049
1931
2050
1932
2051
1933
2052
1934
2053
1935
2054
2055
1937
2056
1938
2057
1939
2058
1940
2059
1941
2060
1942
2061
1943
2062
1944
2063
1945
2064
1946
2065
1947
2066
1948
2067
1949
2068
1950
2069
1951
2070
1952
2071
1953
2072
1954
2073
1955
2074
1956
2075
1957
2076
1958
2077
1959
2078
1960
2079
1961
2080
1962
2081
1963
2082
1964
2083
1965
2084
1966
2085
1967
2086
1968
2087
1969
2088
1970
2089
1971
2090
1972
2091
1973
2092
1974
2093
1975
2094
1976
2095
1977
2096
1978
2097
1979
2098
1980
2099
1981
2100
1982
2101
1983
2102
1984
2103
1985
2104
1986
2105
1987
2106
1988
2107
1989
2108
1990
2109
1991
2110
1992
2111
1993
2112
1994
2113
1995
2114
1996
2115
1997
2116
1998
2117
1999
2118
2000
2119
2001
2120
2002
2121
2003
2122
2004
2123
2005
2124
2006
2125
2007
2126
2008
2127
2009
2128
2010
2129
2011
2130
2012
2131
2013
2132
2014
2133
2015
2134
2016
2135
2017
2136
2018
2137
2019
2138
2020
2139
2021
2140
2022
2141
2023
2142
2024
2143
2025
2144
2026
2145
2027
2146
2028
2147
2029
2148
2030
2149
2031
2150
2032
2151
2033
2152
2034
2153
2035
2154
2036
2155
2037
2156
2038
2157
2039
2158
2040
2159
2041
2160
2042
2161
2043
2162
2044
2163
2045
2164
2046
2165
2047
2166
2048
2167
2049
2168
2050
2169
2051
2170
2052
2171
2053
2172
2054
2173
2055
2174
2175
2057
2176
2058
2177
2059
2178
2060
2179
2061
2180
2062
2181
2063
2182
2064
2183
2065
2184
2066
2185
2067
2186
2068
2187
2069
2188
2070
2189
2071
2190
2072
2191
2073
2192
2074
2193
2075
2194
2076
2195
2077
2196
2078
2197
2079
2198
2080
2199
2081
2200
2082
2201
2083
2202
2084
2203
2085
2204
2086
2205
2087
2206
2088
2207
2089
2208
2090
2209
2091
2210
2092
2211
2093
2212
2094
2213
2095
2214
2096
2215
2097
2216
2098
2217
2099
2218
2100
2219
2101
2220
2102
2221
2103
2222
2104
2223
2105
2224
2106
2225
2107
2226
2108
2227
2109
2228
2110
2229
2111
2230
2112
2231
2113
2232
2114
2233
2115
2234
2116
2235
2117
2236
2118
2237
2119
2238
2120
2239
2121
2240
2122
2241
2123
2242
2124
2243
2125
2244
2126
2245
2127
2246
2128
2247
2129
2248
2130
2249
2131
2250
2132
2251
2133
2252
2134
2253
2135
2254
2136
2255
2137
2256
2138
2257
2139
2258
2140
2259
2141
2260
2142
2261
2143
2262
2144
2263
2145
2264
2146
2265
2147
2266
2148
2267
2149
2268
2150
2269
2151
2270
2152
2271
2153
2272
2154
2273
2155
2274
2156
2275
2157
2276
2158
2277
2159
2278
2160
2279
2161
2280
2162
2281
2163
2282
2164
2283
2165
2284
2166
2285
2167
2286
2168
2287
2169
2288
2170
2289
2171
2290
2172
2291
2173
2292
2174
2293
2175
2294
2295
2177
2296
2178
2297
2179
2298
2180
2299
2181
2300
2182
2301
2183
2302
2184
2303
2185
2304
2186
2305
2187
2306
2188
2307
2189
2308
2190
2309
2191
2310
2192
2311
2193
2312
2194
2313
2195
2314
2196
2315
2197
2316
2198
2317
2199
2318
2200
2319
2201
2320
2202
2321
2203
2322
2204
2323
2205
2324
2206
2325
2207
2326
2208
2327
2209
2328
2210
2329
2211
2330
2212
2331
2213
2332
2214
2333
2215
2334
2216
2335
2217
2336
2218
2337
2219
2338
2220
2339
2221
2340
2222
2341
2223
2342
2224
2343
2225
2344
2226
2345
2227
2346
2228
2347
2229
2348
2230
2349
2231
2350
2232
2351
2233
2352
2234
2353
2235
2354
2236
2355
2237
2356
2238
2357
2239
2358
2240
2359
2241
2360
2242
2361
2243
2362
2244
2363
2245
2364
2246
2365
2247
2366
2248
2367
2249
2368
2250
2369
2251
2370
2252
2371
2253
2372
2254
2373
2255
2374
2256
2375
2257
2376
2258
2377
2259
2378
2260
2379
2261
2380
2262
2381
2263
2382
2264
2383
2265
2384
2266
2385
2267
2386
2268
2387
2269
2388
2270
2389
2271
2390
2272
2391
2273
2392
2274
2393
2275
2394
2276
2395
2277
2396
2278
2397
2279
2398
2280
2399
2281
2400
2282
2401
2283
2402
2284
2403
2285
2404
2286
2405
2287
2406
2288
2407
2289
2408
2290
2409
2291
2410
2292
2411
2293
2412
2294
2413
2295
2414
2415
2297
2416
2298
2417
2299
2418
2300
2419
2301
2420
2302
2421
2303
2422
2304
2423
2305
2424
2306
2425
2307
2426
2308
2427
2309
2428
2310
2429
2311
2430
2312
2431
2313
2432
2314
2433
2315
2434
2316
2435
2317
2436
2318
2437
2319
2438
2320
2439
2321
2440
2322
2441
2323
2442
2324
2443
2325
2444
2326
2445
2327
2446
2328
2447
2329
2448
2330
2449
2331
2450
2332
2451
2333
2452
2334
2453
2335
2454
2336
2455
2337
2456
2338
2457
2339
2458
2340
2459
2341
2460
2342
2461
2343
2462
2344
2463
2345
2464
2346
2465
2347
2466
2348
2467
2349
2468
2350
2469
2351
2470
2352
2471
2353
2472
2354
2473
2355
2474
2356
2475
2357
2476
2358
2477
2359
2478
2360
2479
2361
2480
2362
2481
2363
2482
2364
2483
2365
2484
2366
2485
2367
2486
2368
2487
2369
2488
2370
2489
2371
2490
2372
2491
2373
2492
2374
2493
2375
2494
2376
2495
2377
2496
2378
2497
2379
2498
2380
2499
2381
2500
2382
2501
2383
2502
2384
2503
2385
2504
2386
2505
2387
2506
2388
2507
2389
2508
2390
2509
2391
2510
2392
2511
2393
2512
2394
2513
2395
2514
2396
2515
2397
2516
2398
2517
2399
2518
2400
2519
2401
2520
2402
2521
2403
2522
2404
2523
2405
2524
2406
2525
2407
2526
2408
2527
2409
2528
2410
2529
2411
2530
2412
2531
2413
2532
2414
2533
2415
2534
2535
2417
2536
2418
2537
2419
2538
2420
2539
2421
2540
2422
2541
2423
2542
2424
2543
2425
2544
2426
2545
2427
2546
2428
2547
2429
2548
2430
2549
2431
2550
2432
2551
2433
2552
2434
2553
2435
2554
2436
2555
2437
2556
2438
2557
2439
2558
2440
2559
2441
2560
2442
2561
2443
2562
2444
2563
2445
2564
2446
2565
2447
2566
2448
2567
2449
2568
2450
2569
2451
2570
2452
2571
2453
2572
2454
2573
2455
2574
2456
2575
2457
2576
2458
2577
2459
2578
2460
2579
2461
2580
2462
2581
2463
2582
2464
2583
2465
2584
2466
2585
2467
2586
2468
2587
2469
2588
2470
2589
2471
2590
2472
2591
2473
2592
2474
2593
2475
2594
2476
2595
2477
2596
2478
2597
2479
2598
2480
2599
2481
2600
2482
2601
2483
2602
2484
2603
2485
2604
2486
2605
2487
2606
2488
2607
2489
2608
2490
2609
2491
2610
2492
2611
2493
2612
2494
2613
2495
2614
2496
2615
2497
2616
2498
2617
2499
2618
2500
2619
2501
2620
2502
2621
2503
2622
2504
2623
2505
2624
2506
2625
2507
2626
2508
2627
2509
2628
2510
2629
2511
2630
2512
2631
2513
2632
2514
2633
2515
2634
2516
2635
2517
2636
2518
2637
2519
2638
2520
2639
2521
2640
2522
2641
2523
2642
2524
2643
2525
2644
2526
2645
2527
2646
2528
2647
2529
2648
2530
2649
2531
2650
2532
2651
2533
2652
2534
2653
2535
2654
2655
2537
2656
2538
2657
2539
2658
2540
2659
2541
2660
2542
2661
2543
2662
2544
2663
2545
2664
2546
2665
2547
2666
2548
2667
2549
2668
2550
2669
2551
2670
2552
2671
2553
2672
2554
2673
2555
2674
2556
2675
2557
2676
2558
2677
2559
2678
2560
2679
2561
2680
2562
2681
2563
2682
2564
2683
2565
2684
2566
2685
2567
2686
2568
2687
2569
2688
2570
2689
2571
2690
2572
2691
2573
2692
2574
2693
2575
2694
2576
2695
2577
2696
2578
2697
2579
2698
2580
2699
2581
2700
2582
2701
2583
2702
2584
2703
2585
2704
2586
2705
2587
2706
2588
2707
2589
2708
2590
2709
2591
2710
2592
2711
2593
2712
2594
2713
2595
2714
2596
2715
2597
2716
2598
2717
2599
2718
2600
2719
2601
2720
2602
2721
2603
2722
2604
2723
2605
2724
2606
2725
2607
2726
2608
2727
2609
2728
2610
2729
2611
2730
2612
2731
2613
2732
2614
2733
2615
2734
2616
2735
2617
2736
2618
2737
2619
2738
2620
2739
2621
2740
2622
2741
2623
2742
2624
2743
2625
2744
2626
2745
2627
2746
2628
2747
2629
2748
2630
2749
2631
2750
2632
2751
2633
2752
2634
2753
2635
2754
2636
2755
2637
2756
2638
2757
2639
2758
2640
2759
2641
2760
2642
2761
2643
2762
2644
2763
2645
2764
2646
2765
2647
2766
2648
2767
2649
2768
2650
2769
2651
2770
2652
2771
2653
2772
2654
2773
2655
2774
2775
2657
2776
2658
2777
2659
2778
2660
2779
2661
2780
2662
2781
2663
2782
2664
2783
2665
2784
2666
2785
2667
2786
2668
2787
2669
2788
2670
2789
2671
2790
2672
2791
2673
2792
2674
2793
2675
2794
2676
2795
2677
2796
2678
2797
2679
2798
2680
2799
2681
2800
2682
2801
2683
2802
2684
2803
2685
2804
2686
2805
2687
2806
2688
2807
2689
2808
2690
2809
2691
2810
2692
2811
2693
2812
2694
2813
2695
2814
2696
2815
2697
2816
2698
2817
2699
2818
2700
2819
2701
2820
2702
2821
2703
2822
2704
2823
2705
2824
2706
2825
2707
2826
2708
2827
2709
2828
2710
2829
2711
2830
2712
2831
2713
2832
2714
2833
2715
2834
2716
2835
2717
2836
2718
2837
2719
2838
2720
2839
2721
2840
2722
2841
2723
2842
2724
2843
2725
2844
2726
2845
2727
2846
2728
2847
2729
2848
2730
2849
2731
2850
2732
2851
2733
2852
2734
2853
2735
2854
2736
2855
2737
2856
2738
2857
2739
2858
2740
2859
2741
2860
2742
2861
2743
2862
2744
2863
2745
2864
2746
2865
2747
2866
2748
2867
2749
2868
2750
2869
2751
2870
2752
2871
2753
2872
2754
2873
2755
2874
2756
2875
2757
2876
2758
2877
2759
2878
2760
2879
2761
2880
2762
2881
2763
2882
2764
2883
2765
2884
2766
2885
2767
2886
2768
2887
2769
2888
2770
2889
2771
2890
2772
2891
2773
2892
2774
2893
2775
2894
2895
2777
2896
2778
2897
2779
2898
2780
2899
2781
2900
2782
2901
2783
2902
2784
2903
2785
2904
2786
2905
2787
2906
2788
2907
2789
2908
2790
2909
2791
2910
2792
2911
2793
2912
2794
2913
2795
2914
2796
2915
2797
2916
2798
2917
2799
2918
2800
2919
2801
2920
2802
2921
2803
2922
2804
2923
2805
2924
2806
2925
2807
2926
2808
2927
2809
2928
2810
2929
2811
2930
2812
2931
2813
2932
2814
2933
2815
2934
2816
2935
2817
2936
2818
2937
2819
2938
2820
2939
2821
2940
2822
2941
2823
2942
2824
2943
2825
2944
2826
2945
2827
2946
2828
2947
2829
2948
2830
2949
2831
2950
2832
2951
2833
2952
2834
2953
2835
2954
2836
2955
2837
2956
2838
2957
2839
2958
2840
2959
2841
2960
2842
2961
2843
2962
2844
2963
2845
2964
2846
2965
2847
2966
2848
2967
2849
2968
2850
2969
2851
2970
2852
2971
2853
2972
2854
2973
2855
2974
2856
2975
2857
2976
2858
2977
2859
2978
2860
2979
2861
2980
2862
2981
2863
2982
2864
2983
2865
2984
2866
2985
2867
2986
2868
2987
2869
2988
2870
2989
2871
2990
2872
2991
2873
2992
2874
2993
2875
2994
2876
2995
2877
2996
2878
2997
2879
2998
2880
2999
2881
3000
2882
3001
2883
3002
2884
3003
2885
3004
2886
3005
2887
3006
2888
3007
2889
3008
2890
3009
2891
3010
2892
3011
2893
3012
2894
3013
2895
3014
3015
2897
3016
2898
3017
2899
3018
2900
3019
2901
3020
2902
3021
2903
3022
2904
3023
2905
3024
2906
3025
2907
3026
2908
3027
2909
3028
2910
3029
2911
3030
2912
3031
2913
3032
2914
3033
2915
3034
2916
3035
2917
3036
2918
3037
2919
3038
2920
3039
2921
3040
2922
3041
2923
3042
2924
3043
2925
3044
2926
3045
2927
3046
2928
3047
2929
3048
2930
3049
2931
3050
2932
3051
2933
3052
2934
3053
2935
3054
2936
3055
2937
3056
2938
3057
2939
3058
2940
3059
2941
3060
2942
3061
2943
3062
2944
3063
2945
3064
2946
3065
2947
3066
2948
3067
2949
3068
2950
3069
2951
3070
2952
3071
2953
3072
2954
3073
2955
3074
2956
3075
2957
3076
2958
3077
2959
3078
2960
3079
2961
3080
2962
3081
2963
3082
2964
3083
2965
3084
2966
3085
2967
3086
2968
3087
2969
3088
2970
3089
2971
3090
2972
3091
2973
3092
2974
3093
2975
3094
2976
3095
2977
3096
2978
3097
2979
3098
2980
3099
2981
3100
2982
3101
2983
3102
2984
3103
2985
3104
2986
3105
2987
3106
2988
3107
2989
3108
2990
3109
2991
3110
2992
3111
2993
3112
2994
3113
2995
3114
2996
3115
2997
3116
2998
3117
2999
3118
3000
3119
3001
3120
3002
3121
3003
3122
3004
3123
3005
3124
3006
3125
3007
3126
3008
3127
3009
3128
3010
3129
3011
3130
3012
3131
3013
3132
3014
3133
3015
3134
3135
3017
3018
3019
3020
3021
3022
3023
3024
3025
3026
3027
3028
3029
3030
3031
3032
3033
3034
3035
3036
3037
3038
3039
3040
3041
3042
3043
3044
3045
3046
3047
3048
3049
3050
3051
3052
3053
3054
3055
3056
3057
3058
3059
3060
3061
3062
3063
3064
3065
3066
3067
3068
3069
3070
3071
3072
3073
3074
3075
3076
3077
3078
3079
3080
3081
3082
3083
3084
3085
3086
3087
3088
3089
3090
3091
3092
3093
3094
3095
3096
3097
3098
3099
3100
3101
3102
3103
3104
3105
3106
3107
3108
3109
3110
3111
3112
3113
3114
3115
3116
3117
3118
3119
3120
3121
3122
3123
3124
3125
3126
3127
3128
3129
3130
3131
3132
3133
3134
3135
)


// ************************************************************************* //
