/*--------------------------------*- C++ -*----------------------------------*\
| =========                 |                                                 |
| \\      /  F ield         | OpenFOAM: The Open Source CFD Toolbox           |
|  \\    /   O peration     | Version:  4.0                                   |
|   \\  /    A nd           | Web:      www.OpenFOAM.org                      |
|    \\/     M anipulation  |                                                 |
\*---------------------------------------------------------------------------*/
FoamFile
{
    version     2.0;
    format      ascii;
    class       vectorField;
    location    "constant/polyMesh";
    object      points;
}
// * * * * * * * * * * * * * * * * * * * * * * * * * * * * * * * * * * * * * //


6594
(
(-2 1 0)
(-1.875 1 0)
(-1.75 1 0)
(-1.625 1 0)
(-1.5 1 0)
(-1.375 1 0)
(-1.25 1 0)
(-1.125 1 0)
(-1 1 0)
(-0.875 1 0)
(-0.75 1 0)
(-0.625 1 0)
(-0.5 1 0)
(-0.375 1 0)
(-0.25 1 0)
(-0.125 1 0)
(0 1 0)
(-2 1.125 0)
(-1.875 1.125 0)
(-1.75 1.125 0)
(-1.625 1.125 0)
(-1.5 1.125 0)
(-1.375 1.125 0)
(-1.25 1.125 0)
(-1.125 1.125 0)
(-1 1.125 0)
(-0.875 1.125 0)
(-0.75 1.125 0)
(-0.625 1.125 0)
(-0.5 1.125 0)
(-0.375 1.125 0)
(-0.25 1.125 0)
(-0.125 1.125 0)
(0 1.125 0)
(-2 1.25 0)
(-1.875 1.25 0)
(-1.75 1.25 0)
(-1.625 1.25 0)
(-1.5 1.25 0)
(-1.375 1.25 0)
(-1.25 1.25 0)
(-1.125 1.25 0)
(-1 1.25 0)
(-0.875 1.25 0)
(-0.75 1.25 0)
(-0.625 1.25 0)
(-0.5 1.25 0)
(-0.375 1.25 0)
(-0.25 1.25 0)
(-0.125 1.25 0)
(0 1.25 0)
(-2 1.375 0)
(-1.875 1.375 0)
(-1.75 1.375 0)
(-1.625 1.375 0)
(-1.5 1.375 0)
(-1.375 1.375 0)
(-1.25 1.375 0)
(-1.125 1.375 0)
(-1 1.375 0)
(-0.875 1.375 0)
(-0.75 1.375 0)
(-0.625 1.375 0)
(-0.5 1.375 0)
(-0.375 1.375 0)
(-0.25 1.375 0)
(-0.125 1.375 0)
(0 1.375 0)
(-2 1.5 0)
(-1.875 1.5 0)
(-1.75 1.5 0)
(-1.625 1.5 0)
(-1.5 1.5 0)
(-1.375 1.5 0)
(-1.25 1.5 0)
(-1.125 1.5 0)
(-1 1.5 0)
(-0.875 1.5 0)
(-0.75 1.5 0)
(-0.625 1.5 0)
(-0.5 1.5 0)
(-0.375 1.5 0)
(-0.25 1.5 0)
(-0.125 1.5 0)
(0 1.5 0)
(-2 1.625 0)
(-1.875 1.625 0)
(-1.75 1.625 0)
(-1.625 1.625 0)
(-1.5 1.625 0)
(-1.375 1.625 0)
(-1.25 1.625 0)
(-1.125 1.625 0)
(-1 1.625 0)
(-0.875 1.625 0)
(-0.75 1.625 0)
(-0.625 1.625 0)
(-0.5 1.625 0)
(-0.375 1.625 0)
(-0.25 1.625 0)
(-0.125 1.625 0)
(0 1.625 0)
(-2 1.75 0)
(-1.875 1.75 0)
(-1.75 1.75 0)
(-1.625 1.75 0)
(-1.5 1.75 0)
(-1.375 1.75 0)
(-1.25 1.75 0)
(-1.125 1.75 0)
(-1 1.75 0)
(-0.875 1.75 0)
(-0.75 1.75 0)
(-0.625 1.75 0)
(-0.5 1.75 0)
(-0.375 1.75 0)
(-0.25 1.75 0)
(-0.125 1.75 0)
(0 1.75 0)
(-2 1.875 0)
(-1.875 1.875 0)
(-1.75 1.875 0)
(-1.625 1.875 0)
(-1.5 1.875 0)
(-1.375 1.875 0)
(-1.25 1.875 0)
(-1.125 1.875 0)
(-1 1.875 0)
(-0.875 1.875 0)
(-0.75 1.875 0)
(-0.625 1.875 0)
(-0.5 1.875 0)
(-0.375 1.875 0)
(-0.25 1.875 0)
(-0.125 1.875 0)
(0 1.875 0)
(-2 2 0)
(-1.875 2 0)
(-1.75 2 0)
(-1.625 2 0)
(-1.5 2 0)
(-1.375 2 0)
(-1.25 2 0)
(-1.125 2 0)
(-1 2 0)
(-0.875 2 0)
(-0.75 2 0)
(-0.625 2 0)
(-0.5 2 0)
(-0.375 2 0)
(-0.25 2 0)
(-0.125 2 0)
(0 2 0)
(-2 2.125 0)
(-1.875 2.125 0)
(-1.75 2.125 0)
(-1.625 2.125 0)
(-1.5 2.125 0)
(-1.375 2.125 0)
(-1.25 2.125 0)
(-1.125 2.125 0)
(-1 2.125 0)
(-0.875 2.125 0)
(-0.75 2.125 0)
(-0.625 2.125 0)
(-0.5 2.125 0)
(-0.375 2.125 0)
(-0.25 2.125 0)
(-0.125 2.125 0)
(0 2.125 0)
(-2 2.25 0)
(-1.875 2.25 0)
(-1.75 2.25 0)
(-1.625 2.25 0)
(-1.5 2.25 0)
(-1.375 2.25 0)
(-1.25 2.25 0)
(-1.125 2.25 0)
(-1 2.25 0)
(-0.875 2.25 0)
(-0.75 2.25 0)
(-0.625 2.25 0)
(-0.5 2.25 0)
(-0.375 2.25 0)
(-0.25 2.25 0)
(-0.125 2.25 0)
(0 2.25 0)
(-2 2.375 0)
(-1.875 2.375 0)
(-1.75 2.375 0)
(-1.625 2.375 0)
(-1.5 2.375 0)
(-1.375 2.375 0)
(-1.25 2.375 0)
(-1.125 2.375 0)
(-1 2.375 0)
(-0.875 2.375 0)
(-0.75 2.375 0)
(-0.625 2.375 0)
(-0.5 2.375 0)
(-0.375 2.375 0)
(-0.25 2.375 0)
(-0.125 2.375 0)
(0 2.375 0)
(-2 2.5 0)
(-1.875 2.5 0)
(-1.75 2.5 0)
(-1.625 2.5 0)
(-1.5 2.5 0)
(-1.375 2.5 0)
(-1.25 2.5 0)
(-1.125 2.5 0)
(-1 2.5 0)
(-0.875 2.5 0)
(-0.75 2.5 0)
(-0.625 2.5 0)
(-0.5 2.5 0)
(-0.375 2.5 0)
(-0.25 2.5 0)
(-0.125 2.5 0)
(0 2.5 0)
(-2 2.625 0)
(-1.875 2.625 0)
(-1.75 2.625 0)
(-1.625 2.625 0)
(-1.5 2.625 0)
(-1.375 2.625 0)
(-1.25 2.625 0)
(-1.125 2.625 0)
(-1 2.625 0)
(-0.875 2.625 0)
(-0.75 2.625 0)
(-0.625 2.625 0)
(-0.5 2.625 0)
(-0.375 2.625 0)
(-0.25 2.625 0)
(-0.125 2.625 0)
(0 2.625 0)
(-2 2.75 0)
(-1.875 2.75 0)
(-1.75 2.75 0)
(-1.625 2.75 0)
(-1.5 2.75 0)
(-1.375 2.75 0)
(-1.25 2.75 0)
(-1.125 2.75 0)
(-1 2.75 0)
(-0.875 2.75 0)
(-0.75 2.75 0)
(-0.625 2.75 0)
(-0.5 2.75 0)
(-0.375 2.75 0)
(-0.25 2.75 0)
(-0.125 2.75 0)
(0 2.75 0)
(-2 2.875 0)
(-1.875 2.875 0)
(-1.75 2.875 0)
(-1.625 2.875 0)
(-1.5 2.875 0)
(-1.375 2.875 0)
(-1.25 2.875 0)
(-1.125 2.875 0)
(-1 2.875 0)
(-0.875 2.875 0)
(-0.75 2.875 0)
(-0.625 2.875 0)
(-0.5 2.875 0)
(-0.375 2.875 0)
(-0.25 2.875 0)
(-0.125 2.875 0)
(0 2.875 0)
(-2 3 0)
(-1.875 3 0)
(-1.75 3 0)
(-1.625 3 0)
(-1.5 3 0)
(-1.375 3 0)
(-1.25 3 0)
(-1.125 3 0)
(-1 3 0)
(-0.875 3 0)
(-0.75 3 0)
(-0.625 3 0)
(-0.5 3 0)
(-0.375 3 0)
(-0.25 3 0)
(-0.125 3 0)
(0 3 0)
(-2 1 2)
(-1.875 1 2)
(-1.75 1 2)
(-1.625 1 2)
(-1.5 1 2)
(-1.375 1 2)
(-1.25 1 2)
(-1.125 1 2)
(-1 1 2)
(-0.875 1 2)
(-0.75 1 2)
(-0.625 1 2)
(-0.5 1 2)
(-0.375 1 2)
(-0.25 1 2)
(-0.125 1 2)
(0 1 2)
(-2 1.125 2)
(-1.875 1.125 2)
(-1.75 1.125 2)
(-1.625 1.125 2)
(-1.5 1.125 2)
(-1.375 1.125 2)
(-1.25 1.125 2)
(-1.125 1.125 2)
(-1 1.125 2)
(-0.875 1.125 2)
(-0.75 1.125 2)
(-0.625 1.125 2)
(-0.5 1.125 2)
(-0.375 1.125 2)
(-0.25 1.125 2)
(-0.125 1.125 2)
(0 1.125 2)
(-2 1.25 2)
(-1.875 1.25 2)
(-1.75 1.25 2)
(-1.625 1.25 2)
(-1.5 1.25 2)
(-1.375 1.25 2)
(-1.25 1.25 2)
(-1.125 1.25 2)
(-1 1.25 2)
(-0.875 1.25 2)
(-0.75 1.25 2)
(-0.625 1.25 2)
(-0.5 1.25 2)
(-0.375 1.25 2)
(-0.25 1.25 2)
(-0.125 1.25 2)
(0 1.25 2)
(-2 1.375 2)
(-1.875 1.375 2)
(-1.75 1.375 2)
(-1.625 1.375 2)
(-1.5 1.375 2)
(-1.375 1.375 2)
(-1.25 1.375 2)
(-1.125 1.375 2)
(-1 1.375 2)
(-0.875 1.375 2)
(-0.75 1.375 2)
(-0.625 1.375 2)
(-0.5 1.375 2)
(-0.375 1.375 2)
(-0.25 1.375 2)
(-0.125 1.375 2)
(0 1.375 2)
(-2 1.5 2)
(-1.875 1.5 2)
(-1.75 1.5 2)
(-1.625 1.5 2)
(-1.5 1.5 2)
(-1.375 1.5 2)
(-1.25 1.5 2)
(-1.125 1.5 2)
(-1 1.5 2)
(-0.875 1.5 2)
(-0.75 1.5 2)
(-0.625 1.5 2)
(-0.5 1.5 2)
(-0.375 1.5 2)
(-0.25 1.5 2)
(-0.125 1.5 2)
(0 1.5 2)
(-2 1.625 2)
(-1.875 1.625 2)
(-1.75 1.625 2)
(-1.625 1.625 2)
(-1.5 1.625 2)
(-1.375 1.625 2)
(-1.25 1.625 2)
(-1.125 1.625 2)
(-1 1.625 2)
(-0.875 1.625 2)
(-0.75 1.625 2)
(-0.625 1.625 2)
(-0.5 1.625 2)
(-0.375 1.625 2)
(-0.25 1.625 2)
(-0.125 1.625 2)
(0 1.625 2)
(-2 1.75 2)
(-1.875 1.75 2)
(-1.75 1.75 2)
(-1.625 1.75 2)
(-1.5 1.75 2)
(-1.375 1.75 2)
(-1.25 1.75 2)
(-1.125 1.75 2)
(-1 1.75 2)
(-0.875 1.75 2)
(-0.75 1.75 2)
(-0.625 1.75 2)
(-0.5 1.75 2)
(-0.375 1.75 2)
(-0.25 1.75 2)
(-0.125 1.75 2)
(0 1.75 2)
(-2 1.875 2)
(-1.875 1.875 2)
(-1.75 1.875 2)
(-1.625 1.875 2)
(-1.5 1.875 2)
(-1.375 1.875 2)
(-1.25 1.875 2)
(-1.125 1.875 2)
(-1 1.875 2)
(-0.875 1.875 2)
(-0.75 1.875 2)
(-0.625 1.875 2)
(-0.5 1.875 2)
(-0.375 1.875 2)
(-0.25 1.875 2)
(-0.125 1.875 2)
(0 1.875 2)
(-2 2 2)
(-1.875 2 2)
(-1.75 2 2)
(-1.625 2 2)
(-1.5 2 2)
(-1.375 2 2)
(-1.25 2 2)
(-1.125 2 2)
(-1 2 2)
(-0.875 2 2)
(-0.75 2 2)
(-0.625 2 2)
(-0.5 2 2)
(-0.375 2 2)
(-0.25 2 2)
(-0.125 2 2)
(0 2 2)
(-2 2.125 2)
(-1.875 2.125 2)
(-1.75 2.125 2)
(-1.625 2.125 2)
(-1.5 2.125 2)
(-1.375 2.125 2)
(-1.25 2.125 2)
(-1.125 2.125 2)
(-1 2.125 2)
(-0.875 2.125 2)
(-0.75 2.125 2)
(-0.625 2.125 2)
(-0.5 2.125 2)
(-0.375 2.125 2)
(-0.25 2.125 2)
(-0.125 2.125 2)
(0 2.125 2)
(-2 2.25 2)
(-1.875 2.25 2)
(-1.75 2.25 2)
(-1.625 2.25 2)
(-1.5 2.25 2)
(-1.375 2.25 2)
(-1.25 2.25 2)
(-1.125 2.25 2)
(-1 2.25 2)
(-0.875 2.25 2)
(-0.75 2.25 2)
(-0.625 2.25 2)
(-0.5 2.25 2)
(-0.375 2.25 2)
(-0.25 2.25 2)
(-0.125 2.25 2)
(0 2.25 2)
(-2 2.375 2)
(-1.875 2.375 2)
(-1.75 2.375 2)
(-1.625 2.375 2)
(-1.5 2.375 2)
(-1.375 2.375 2)
(-1.25 2.375 2)
(-1.125 2.375 2)
(-1 2.375 2)
(-0.875 2.375 2)
(-0.75 2.375 2)
(-0.625 2.375 2)
(-0.5 2.375 2)
(-0.375 2.375 2)
(-0.25 2.375 2)
(-0.125 2.375 2)
(0 2.375 2)
(-2 2.5 2)
(-1.875 2.5 2)
(-1.75 2.5 2)
(-1.625 2.5 2)
(-1.5 2.5 2)
(-1.375 2.5 2)
(-1.25 2.5 2)
(-1.125 2.5 2)
(-1 2.5 2)
(-0.875 2.5 2)
(-0.75 2.5 2)
(-0.625 2.5 2)
(-0.5 2.5 2)
(-0.375 2.5 2)
(-0.25 2.5 2)
(-0.125 2.5 2)
(0 2.5 2)
(-2 2.625 2)
(-1.875 2.625 2)
(-1.75 2.625 2)
(-1.625 2.625 2)
(-1.5 2.625 2)
(-1.375 2.625 2)
(-1.25 2.625 2)
(-1.125 2.625 2)
(-1 2.625 2)
(-0.875 2.625 2)
(-0.75 2.625 2)
(-0.625 2.625 2)
(-0.5 2.625 2)
(-0.375 2.625 2)
(-0.25 2.625 2)
(-0.125 2.625 2)
(0 2.625 2)
(-2 2.75 2)
(-1.875 2.75 2)
(-1.75 2.75 2)
(-1.625 2.75 2)
(-1.5 2.75 2)
(-1.375 2.75 2)
(-1.25 2.75 2)
(-1.125 2.75 2)
(-1 2.75 2)
(-0.875 2.75 2)
(-0.75 2.75 2)
(-0.625 2.75 2)
(-0.5 2.75 2)
(-0.375 2.75 2)
(-0.25 2.75 2)
(-0.125 2.75 2)
(0 2.75 2)
(-2 2.875 2)
(-1.875 2.875 2)
(-1.75 2.875 2)
(-1.625 2.875 2)
(-1.5 2.875 2)
(-1.375 2.875 2)
(-1.25 2.875 2)
(-1.125 2.875 2)
(-1 2.875 2)
(-0.875 2.875 2)
(-0.75 2.875 2)
(-0.625 2.875 2)
(-0.5 2.875 2)
(-0.375 2.875 2)
(-0.25 2.875 2)
(-0.125 2.875 2)
(0 2.875 2)
(-2 3 2)
(-1.875 3 2)
(-1.75 3 2)
(-1.625 3 2)
(-1.5 3 2)
(-1.375 3 2)
(-1.25 3 2)
(-1.125 3 2)
(-1 3 2)
(-0.875 3 2)
(-0.75 3 2)
(-0.625 3 2)
(-0.5 3 2)
(-0.375 3 2)
(-0.25 3 2)
(-0.125 3 2)
(0 3 2)
(0 0 0)
(0.125 0 0)
(0.25 0 0)
(0.375 0 0)
(0.5 0 0)
(0.625 0 0)
(0.75 0 0)
(0.875 0 0)
(1 0 0)
(1.125 0 0)
(1.25 0 0)
(1.375 0 0)
(1.5 0 0)
(1.625 0 0)
(1.75 0 0)
(1.875 0 0)
(2 0 0)
(2.125 0 0)
(2.25 0 0)
(2.375 0 0)
(2.5 0 0)
(2.625 0 0)
(2.75 0 0)
(2.875 0 0)
(3 0 0)
(3.125 0 0)
(3.25 0 0)
(3.375 0 0)
(3.5 0 0)
(3.625 0 0)
(3.75 0 0)
(3.875 0 0)
(4 0 0)
(4.125 0 0)
(4.25 0 0)
(4.375 0 0)
(4.5 0 0)
(4.625 0 0)
(4.75 0 0)
(4.875 0 0)
(5 0 0)
(5.125 0 0)
(5.25 0 0)
(5.375 0 0)
(5.5 0 0)
(5.625 0 0)
(5.75 0 0)
(5.875 0 0)
(6 0 0)
(6.125 0 0)
(6.25 0 0)
(6.375 0 0)
(6.5 0 0)
(6.625 0 0)
(6.75 0 0)
(6.875 0 0)
(7 0 0)
(7.125 0 0)
(7.25 0 0)
(7.375 0 0)
(7.5 0 0)
(7.625 0 0)
(7.75 0 0)
(7.875 0 0)
(8 0 0)
(8.125 0 0)
(8.25 0 0)
(8.375 0 0)
(8.5 0 0)
(8.625 0 0)
(8.75 0 0)
(8.875 0 0)
(9 0 0)
(9.125 0 0)
(9.25 0 0)
(9.375 0 0)
(9.5 0 0)
(9.625 0 0)
(9.75 0 0)
(9.875 0 0)
(10 0 0)
(10.125 0 0)
(10.25 0 0)
(10.375 0 0)
(10.5 0 0)
(10.625 0 0)
(10.75 0 0)
(10.875 0 0)
(11 0 0)
(11.125 0 0)
(11.25 0 0)
(11.375 0 0)
(11.5 0 0)
(11.625 0 0)
(11.75 0 0)
(11.875 0 0)
(12 0 0)
(12.125 0 0)
(12.25 0 0)
(12.375 0 0)
(12.5 0 0)
(12.625 0 0)
(12.75 0 0)
(12.875 0 0)
(13 0 0)
(13.125 0 0)
(13.25 0 0)
(13.375 0 0)
(13.5 0 0)
(13.625 0 0)
(13.75 0 0)
(13.875 0 0)
(14 0 0)
(14.125 0 0)
(14.25 0 0)
(14.375 0 0)
(14.5 0 0)
(14.625 0 0)
(14.75 0 0)
(14.875 0 0)
(15 0 0)
(0 0.125 0)
(0.125 0.125 0)
(0.25 0.125 0)
(0.375 0.125 0)
(0.5 0.125 0)
(0.625 0.125 0)
(0.75 0.125 0)
(0.875 0.125 0)
(1 0.125 0)
(1.125 0.125 0)
(1.25 0.125 0)
(1.375 0.125 0)
(1.5 0.125 0)
(1.625 0.125 0)
(1.75 0.125 0)
(1.875 0.125 0)
(2 0.125 0)
(2.125 0.125 0)
(2.25 0.125 0)
(2.375 0.125 0)
(2.5 0.125 0)
(2.625 0.125 0)
(2.75 0.125 0)
(2.875 0.125 0)
(3 0.125 0)
(3.125 0.125 0)
(3.25 0.125 0)
(3.375 0.125 0)
(3.5 0.125 0)
(3.625 0.125 0)
(3.75 0.125 0)
(3.875 0.125 0)
(4 0.125 0)
(4.125 0.125 0)
(4.25 0.125 0)
(4.375 0.125 0)
(4.5 0.125 0)
(4.625 0.125 0)
(4.75 0.125 0)
(4.875 0.125 0)
(5 0.125 0)
(5.125 0.125 0)
(5.25 0.125 0)
(5.375 0.125 0)
(5.5 0.125 0)
(5.625 0.125 0)
(5.75 0.125 0)
(5.875 0.125 0)
(6 0.125 0)
(6.125 0.125 0)
(6.25 0.125 0)
(6.375 0.125 0)
(6.5 0.125 0)
(6.625 0.125 0)
(6.75 0.125 0)
(6.875 0.125 0)
(7 0.125 0)
(7.125 0.125 0)
(7.25 0.125 0)
(7.375 0.125 0)
(7.5 0.125 0)
(7.625 0.125 0)
(7.75 0.125 0)
(7.875 0.125 0)
(8 0.125 0)
(8.125 0.125 0)
(8.25 0.125 0)
(8.375 0.125 0)
(8.5 0.125 0)
(8.625 0.125 0)
(8.75 0.125 0)
(8.875 0.125 0)
(9 0.125 0)
(9.125 0.125 0)
(9.25 0.125 0)
(9.375 0.125 0)
(9.5 0.125 0)
(9.625 0.125 0)
(9.75 0.125 0)
(9.875 0.125 0)
(10 0.125 0)
(10.125 0.125 0)
(10.25 0.125 0)
(10.375 0.125 0)
(10.5 0.125 0)
(10.625 0.125 0)
(10.75 0.125 0)
(10.875 0.125 0)
(11 0.125 0)
(11.125 0.125 0)
(11.25 0.125 0)
(11.375 0.125 0)
(11.5 0.125 0)
(11.625 0.125 0)
(11.75 0.125 0)
(11.875 0.125 0)
(12 0.125 0)
(12.125 0.125 0)
(12.25 0.125 0)
(12.375 0.125 0)
(12.5 0.125 0)
(12.625 0.125 0)
(12.75 0.125 0)
(12.875 0.125 0)
(13 0.125 0)
(13.125 0.125 0)
(13.25 0.125 0)
(13.375 0.125 0)
(13.5 0.125 0)
(13.625 0.125 0)
(13.75 0.125 0)
(13.875 0.125 0)
(14 0.125 0)
(14.125 0.125 0)
(14.25 0.125 0)
(14.375 0.125 0)
(14.5 0.125 0)
(14.625 0.125 0)
(14.75 0.125 0)
(14.875 0.125 0)
(15 0.125 0)
(0 0.25 0)
(0.125 0.25 0)
(0.25 0.25 0)
(0.375 0.25 0)
(0.5 0.25 0)
(0.625 0.25 0)
(0.75 0.25 0)
(0.875 0.25 0)
(1 0.25 0)
(1.125 0.25 0)
(1.25 0.25 0)
(1.375 0.25 0)
(1.5 0.25 0)
(1.625 0.25 0)
(1.75 0.25 0)
(1.875 0.25 0)
(2 0.25 0)
(2.125 0.25 0)
(2.25 0.25 0)
(2.375 0.25 0)
(2.5 0.25 0)
(2.625 0.25 0)
(2.75 0.25 0)
(2.875 0.25 0)
(3 0.25 0)
(3.125 0.25 0)
(3.25 0.25 0)
(3.375 0.25 0)
(3.5 0.25 0)
(3.625 0.25 0)
(3.75 0.25 0)
(3.875 0.25 0)
(4 0.25 0)
(4.125 0.25 0)
(4.25 0.25 0)
(4.375 0.25 0)
(4.5 0.25 0)
(4.625 0.25 0)
(4.75 0.25 0)
(4.875 0.25 0)
(5 0.25 0)
(5.125 0.25 0)
(5.25 0.25 0)
(5.375 0.25 0)
(5.5 0.25 0)
(5.625 0.25 0)
(5.75 0.25 0)
(5.875 0.25 0)
(6 0.25 0)
(6.125 0.25 0)
(6.25 0.25 0)
(6.375 0.25 0)
(6.5 0.25 0)
(6.625 0.25 0)
(6.75 0.25 0)
(6.875 0.25 0)
(7 0.25 0)
(7.125 0.25 0)
(7.25 0.25 0)
(7.375 0.25 0)
(7.5 0.25 0)
(7.625 0.25 0)
(7.75 0.25 0)
(7.875 0.25 0)
(8 0.25 0)
(8.125 0.25 0)
(8.25 0.25 0)
(8.375 0.25 0)
(8.5 0.25 0)
(8.625 0.25 0)
(8.75 0.25 0)
(8.875 0.25 0)
(9 0.25 0)
(9.125 0.25 0)
(9.25 0.25 0)
(9.375 0.25 0)
(9.5 0.25 0)
(9.625 0.25 0)
(9.75 0.25 0)
(9.875 0.25 0)
(10 0.25 0)
(10.125 0.25 0)
(10.25 0.25 0)
(10.375 0.25 0)
(10.5 0.25 0)
(10.625 0.25 0)
(10.75 0.25 0)
(10.875 0.25 0)
(11 0.25 0)
(11.125 0.25 0)
(11.25 0.25 0)
(11.375 0.25 0)
(11.5 0.25 0)
(11.625 0.25 0)
(11.75 0.25 0)
(11.875 0.25 0)
(12 0.25 0)
(12.125 0.25 0)
(12.25 0.25 0)
(12.375 0.25 0)
(12.5 0.25 0)
(12.625 0.25 0)
(12.75 0.25 0)
(12.875 0.25 0)
(13 0.25 0)
(13.125 0.25 0)
(13.25 0.25 0)
(13.375 0.25 0)
(13.5 0.25 0)
(13.625 0.25 0)
(13.75 0.25 0)
(13.875 0.25 0)
(14 0.25 0)
(14.125 0.25 0)
(14.25 0.25 0)
(14.375 0.25 0)
(14.5 0.25 0)
(14.625 0.25 0)
(14.75 0.25 0)
(14.875 0.25 0)
(15 0.25 0)
(0 0.375 0)
(0.125 0.375 0)
(0.25 0.375 0)
(0.375 0.375 0)
(0.5 0.375 0)
(0.625 0.375 0)
(0.75 0.375 0)
(0.875 0.375 0)
(1 0.375 0)
(1.125 0.375 0)
(1.25 0.375 0)
(1.375 0.375 0)
(1.5 0.375 0)
(1.625 0.375 0)
(1.75 0.375 0)
(1.875 0.375 0)
(2 0.375 0)
(2.125 0.375 0)
(2.25 0.375 0)
(2.375 0.375 0)
(2.5 0.375 0)
(2.625 0.375 0)
(2.75 0.375 0)
(2.875 0.375 0)
(3 0.375 0)
(3.125 0.375 0)
(3.25 0.375 0)
(3.375 0.375 0)
(3.5 0.375 0)
(3.625 0.375 0)
(3.75 0.375 0)
(3.875 0.375 0)
(4 0.375 0)
(4.125 0.375 0)
(4.25 0.375 0)
(4.375 0.375 0)
(4.5 0.375 0)
(4.625 0.375 0)
(4.75 0.375 0)
(4.875 0.375 0)
(5 0.375 0)
(5.125 0.375 0)
(5.25 0.375 0)
(5.375 0.375 0)
(5.5 0.375 0)
(5.625 0.375 0)
(5.75 0.375 0)
(5.875 0.375 0)
(6 0.375 0)
(6.125 0.375 0)
(6.25 0.375 0)
(6.375 0.375 0)
(6.5 0.375 0)
(6.625 0.375 0)
(6.75 0.375 0)
(6.875 0.375 0)
(7 0.375 0)
(7.125 0.375 0)
(7.25 0.375 0)
(7.375 0.375 0)
(7.5 0.375 0)
(7.625 0.375 0)
(7.75 0.375 0)
(7.875 0.375 0)
(8 0.375 0)
(8.125 0.375 0)
(8.25 0.375 0)
(8.375 0.375 0)
(8.5 0.375 0)
(8.625 0.375 0)
(8.75 0.375 0)
(8.875 0.375 0)
(9 0.375 0)
(9.125 0.375 0)
(9.25 0.375 0)
(9.375 0.375 0)
(9.5 0.375 0)
(9.625 0.375 0)
(9.75 0.375 0)
(9.875 0.375 0)
(10 0.375 0)
(10.125 0.375 0)
(10.25 0.375 0)
(10.375 0.375 0)
(10.5 0.375 0)
(10.625 0.375 0)
(10.75 0.375 0)
(10.875 0.375 0)
(11 0.375 0)
(11.125 0.375 0)
(11.25 0.375 0)
(11.375 0.375 0)
(11.5 0.375 0)
(11.625 0.375 0)
(11.75 0.375 0)
(11.875 0.375 0)
(12 0.375 0)
(12.125 0.375 0)
(12.25 0.375 0)
(12.375 0.375 0)
(12.5 0.375 0)
(12.625 0.375 0)
(12.75 0.375 0)
(12.875 0.375 0)
(13 0.375 0)
(13.125 0.375 0)
(13.25 0.375 0)
(13.375 0.375 0)
(13.5 0.375 0)
(13.625 0.375 0)
(13.75 0.375 0)
(13.875 0.375 0)
(14 0.375 0)
(14.125 0.375 0)
(14.25 0.375 0)
(14.375 0.375 0)
(14.5 0.375 0)
(14.625 0.375 0)
(14.75 0.375 0)
(14.875 0.375 0)
(15 0.375 0)
(0 0.5 0)
(0.125 0.5 0)
(0.25 0.5 0)
(0.375 0.5 0)
(0.5 0.5 0)
(0.625 0.5 0)
(0.75 0.5 0)
(0.875 0.5 0)
(1 0.5 0)
(1.125 0.5 0)
(1.25 0.5 0)
(1.375 0.5 0)
(1.5 0.5 0)
(1.625 0.5 0)
(1.75 0.5 0)
(1.875 0.5 0)
(2 0.5 0)
(2.125 0.5 0)
(2.25 0.5 0)
(2.375 0.5 0)
(2.5 0.5 0)
(2.625 0.5 0)
(2.75 0.5 0)
(2.875 0.5 0)
(3 0.5 0)
(3.125 0.5 0)
(3.25 0.5 0)
(3.375 0.5 0)
(3.5 0.5 0)
(3.625 0.5 0)
(3.75 0.5 0)
(3.875 0.5 0)
(4 0.5 0)
(4.125 0.5 0)
(4.25 0.5 0)
(4.375 0.5 0)
(4.5 0.5 0)
(4.625 0.5 0)
(4.75 0.5 0)
(4.875 0.5 0)
(5 0.5 0)
(5.125 0.5 0)
(5.25 0.5 0)
(5.375 0.5 0)
(5.5 0.5 0)
(5.625 0.5 0)
(5.75 0.5 0)
(5.875 0.5 0)
(6 0.5 0)
(6.125 0.5 0)
(6.25 0.5 0)
(6.375 0.5 0)
(6.5 0.5 0)
(6.625 0.5 0)
(6.75 0.5 0)
(6.875 0.5 0)
(7 0.5 0)
(7.125 0.5 0)
(7.25 0.5 0)
(7.375 0.5 0)
(7.5 0.5 0)
(7.625 0.5 0)
(7.75 0.5 0)
(7.875 0.5 0)
(8 0.5 0)
(8.125 0.5 0)
(8.25 0.5 0)
(8.375 0.5 0)
(8.5 0.5 0)
(8.625 0.5 0)
(8.75 0.5 0)
(8.875 0.5 0)
(9 0.5 0)
(9.125 0.5 0)
(9.25 0.5 0)
(9.375 0.5 0)
(9.5 0.5 0)
(9.625 0.5 0)
(9.75 0.5 0)
(9.875 0.5 0)
(10 0.5 0)
(10.125 0.5 0)
(10.25 0.5 0)
(10.375 0.5 0)
(10.5 0.5 0)
(10.625 0.5 0)
(10.75 0.5 0)
(10.875 0.5 0)
(11 0.5 0)
(11.125 0.5 0)
(11.25 0.5 0)
(11.375 0.5 0)
(11.5 0.5 0)
(11.625 0.5 0)
(11.75 0.5 0)
(11.875 0.5 0)
(12 0.5 0)
(12.125 0.5 0)
(12.25 0.5 0)
(12.375 0.5 0)
(12.5 0.5 0)
(12.625 0.5 0)
(12.75 0.5 0)
(12.875 0.5 0)
(13 0.5 0)
(13.125 0.5 0)
(13.25 0.5 0)
(13.375 0.5 0)
(13.5 0.5 0)
(13.625 0.5 0)
(13.75 0.5 0)
(13.875 0.5 0)
(14 0.5 0)
(14.125 0.5 0)
(14.25 0.5 0)
(14.375 0.5 0)
(14.5 0.5 0)
(14.625 0.5 0)
(14.75 0.5 0)
(14.875 0.5 0)
(15 0.5 0)
(0 0.625 0)
(0.125 0.625 0)
(0.25 0.625 0)
(0.375 0.625 0)
(0.5 0.625 0)
(0.625 0.625 0)
(0.75 0.625 0)
(0.875 0.625 0)
(1 0.625 0)
(1.125 0.625 0)
(1.25 0.625 0)
(1.375 0.625 0)
(1.5 0.625 0)
(1.625 0.625 0)
(1.75 0.625 0)
(1.875 0.625 0)
(2 0.625 0)
(2.125 0.625 0)
(2.25 0.625 0)
(2.375 0.625 0)
(2.5 0.625 0)
(2.625 0.625 0)
(2.75 0.625 0)
(2.875 0.625 0)
(3 0.625 0)
(3.125 0.625 0)
(3.25 0.625 0)
(3.375 0.625 0)
(3.5 0.625 0)
(3.625 0.625 0)
(3.75 0.625 0)
(3.875 0.625 0)
(4 0.625 0)
(4.125 0.625 0)
(4.25 0.625 0)
(4.375 0.625 0)
(4.5 0.625 0)
(4.625 0.625 0)
(4.75 0.625 0)
(4.875 0.625 0)
(5 0.625 0)
(5.125 0.625 0)
(5.25 0.625 0)
(5.375 0.625 0)
(5.5 0.625 0)
(5.625 0.625 0)
(5.75 0.625 0)
(5.875 0.625 0)
(6 0.625 0)
(6.125 0.625 0)
(6.25 0.625 0)
(6.375 0.625 0)
(6.5 0.625 0)
(6.625 0.625 0)
(6.75 0.625 0)
(6.875 0.625 0)
(7 0.625 0)
(7.125 0.625 0)
(7.25 0.625 0)
(7.375 0.625 0)
(7.5 0.625 0)
(7.625 0.625 0)
(7.75 0.625 0)
(7.875 0.625 0)
(8 0.625 0)
(8.125 0.625 0)
(8.25 0.625 0)
(8.375 0.625 0)
(8.5 0.625 0)
(8.625 0.625 0)
(8.75 0.625 0)
(8.875 0.625 0)
(9 0.625 0)
(9.125 0.625 0)
(9.25 0.625 0)
(9.375 0.625 0)
(9.5 0.625 0)
(9.625 0.625 0)
(9.75 0.625 0)
(9.875 0.625 0)
(10 0.625 0)
(10.125 0.625 0)
(10.25 0.625 0)
(10.375 0.625 0)
(10.5 0.625 0)
(10.625 0.625 0)
(10.75 0.625 0)
(10.875 0.625 0)
(11 0.625 0)
(11.125 0.625 0)
(11.25 0.625 0)
(11.375 0.625 0)
(11.5 0.625 0)
(11.625 0.625 0)
(11.75 0.625 0)
(11.875 0.625 0)
(12 0.625 0)
(12.125 0.625 0)
(12.25 0.625 0)
(12.375 0.625 0)
(12.5 0.625 0)
(12.625 0.625 0)
(12.75 0.625 0)
(12.875 0.625 0)
(13 0.625 0)
(13.125 0.625 0)
(13.25 0.625 0)
(13.375 0.625 0)
(13.5 0.625 0)
(13.625 0.625 0)
(13.75 0.625 0)
(13.875 0.625 0)
(14 0.625 0)
(14.125 0.625 0)
(14.25 0.625 0)
(14.375 0.625 0)
(14.5 0.625 0)
(14.625 0.625 0)
(14.75 0.625 0)
(14.875 0.625 0)
(15 0.625 0)
(0 0.75 0)
(0.125 0.75 0)
(0.25 0.75 0)
(0.375 0.75 0)
(0.5 0.75 0)
(0.625 0.75 0)
(0.75 0.75 0)
(0.875 0.75 0)
(1 0.75 0)
(1.125 0.75 0)
(1.25 0.75 0)
(1.375 0.75 0)
(1.5 0.75 0)
(1.625 0.75 0)
(1.75 0.75 0)
(1.875 0.75 0)
(2 0.75 0)
(2.125 0.75 0)
(2.25 0.75 0)
(2.375 0.75 0)
(2.5 0.75 0)
(2.625 0.75 0)
(2.75 0.75 0)
(2.875 0.75 0)
(3 0.75 0)
(3.125 0.75 0)
(3.25 0.75 0)
(3.375 0.75 0)
(3.5 0.75 0)
(3.625 0.75 0)
(3.75 0.75 0)
(3.875 0.75 0)
(4 0.75 0)
(4.125 0.75 0)
(4.25 0.75 0)
(4.375 0.75 0)
(4.5 0.75 0)
(4.625 0.75 0)
(4.75 0.75 0)
(4.875 0.75 0)
(5 0.75 0)
(5.125 0.75 0)
(5.25 0.75 0)
(5.375 0.75 0)
(5.5 0.75 0)
(5.625 0.75 0)
(5.75 0.75 0)
(5.875 0.75 0)
(6 0.75 0)
(6.125 0.75 0)
(6.25 0.75 0)
(6.375 0.75 0)
(6.5 0.75 0)
(6.625 0.75 0)
(6.75 0.75 0)
(6.875 0.75 0)
(7 0.75 0)
(7.125 0.75 0)
(7.25 0.75 0)
(7.375 0.75 0)
(7.5 0.75 0)
(7.625 0.75 0)
(7.75 0.75 0)
(7.875 0.75 0)
(8 0.75 0)
(8.125 0.75 0)
(8.25 0.75 0)
(8.375 0.75 0)
(8.5 0.75 0)
(8.625 0.75 0)
(8.75 0.75 0)
(8.875 0.75 0)
(9 0.75 0)
(9.125 0.75 0)
(9.25 0.75 0)
(9.375 0.75 0)
(9.5 0.75 0)
(9.625 0.75 0)
(9.75 0.75 0)
(9.875 0.75 0)
(10 0.75 0)
(10.125 0.75 0)
(10.25 0.75 0)
(10.375 0.75 0)
(10.5 0.75 0)
(10.625 0.75 0)
(10.75 0.75 0)
(10.875 0.75 0)
(11 0.75 0)
(11.125 0.75 0)
(11.25 0.75 0)
(11.375 0.75 0)
(11.5 0.75 0)
(11.625 0.75 0)
(11.75 0.75 0)
(11.875 0.75 0)
(12 0.75 0)
(12.125 0.75 0)
(12.25 0.75 0)
(12.375 0.75 0)
(12.5 0.75 0)
(12.625 0.75 0)
(12.75 0.75 0)
(12.875 0.75 0)
(13 0.75 0)
(13.125 0.75 0)
(13.25 0.75 0)
(13.375 0.75 0)
(13.5 0.75 0)
(13.625 0.75 0)
(13.75 0.75 0)
(13.875 0.75 0)
(14 0.75 0)
(14.125 0.75 0)
(14.25 0.75 0)
(14.375 0.75 0)
(14.5 0.75 0)
(14.625 0.75 0)
(14.75 0.75 0)
(14.875 0.75 0)
(15 0.75 0)
(0 0.875 0)
(0.125 0.875 0)
(0.25 0.875 0)
(0.375 0.875 0)
(0.5 0.875 0)
(0.625 0.875 0)
(0.75 0.875 0)
(0.875 0.875 0)
(1 0.875 0)
(1.125 0.875 0)
(1.25 0.875 0)
(1.375 0.875 0)
(1.5 0.875 0)
(1.625 0.875 0)
(1.75 0.875 0)
(1.875 0.875 0)
(2 0.875 0)
(2.125 0.875 0)
(2.25 0.875 0)
(2.375 0.875 0)
(2.5 0.875 0)
(2.625 0.875 0)
(2.75 0.875 0)
(2.875 0.875 0)
(3 0.875 0)
(3.125 0.875 0)
(3.25 0.875 0)
(3.375 0.875 0)
(3.5 0.875 0)
(3.625 0.875 0)
(3.75 0.875 0)
(3.875 0.875 0)
(4 0.875 0)
(4.125 0.875 0)
(4.25 0.875 0)
(4.375 0.875 0)
(4.5 0.875 0)
(4.625 0.875 0)
(4.75 0.875 0)
(4.875 0.875 0)
(5 0.875 0)
(5.125 0.875 0)
(5.25 0.875 0)
(5.375 0.875 0)
(5.5 0.875 0)
(5.625 0.875 0)
(5.75 0.875 0)
(5.875 0.875 0)
(6 0.875 0)
(6.125 0.875 0)
(6.25 0.875 0)
(6.375 0.875 0)
(6.5 0.875 0)
(6.625 0.875 0)
(6.75 0.875 0)
(6.875 0.875 0)
(7 0.875 0)
(7.125 0.875 0)
(7.25 0.875 0)
(7.375 0.875 0)
(7.5 0.875 0)
(7.625 0.875 0)
(7.75 0.875 0)
(7.875 0.875 0)
(8 0.875 0)
(8.125 0.875 0)
(8.25 0.875 0)
(8.375 0.875 0)
(8.5 0.875 0)
(8.625 0.875 0)
(8.75 0.875 0)
(8.875 0.875 0)
(9 0.875 0)
(9.125 0.875 0)
(9.25 0.875 0)
(9.375 0.875 0)
(9.5 0.875 0)
(9.625 0.875 0)
(9.75 0.875 0)
(9.875 0.875 0)
(10 0.875 0)
(10.125 0.875 0)
(10.25 0.875 0)
(10.375 0.875 0)
(10.5 0.875 0)
(10.625 0.875 0)
(10.75 0.875 0)
(10.875 0.875 0)
(11 0.875 0)
(11.125 0.875 0)
(11.25 0.875 0)
(11.375 0.875 0)
(11.5 0.875 0)
(11.625 0.875 0)
(11.75 0.875 0)
(11.875 0.875 0)
(12 0.875 0)
(12.125 0.875 0)
(12.25 0.875 0)
(12.375 0.875 0)
(12.5 0.875 0)
(12.625 0.875 0)
(12.75 0.875 0)
(12.875 0.875 0)
(13 0.875 0)
(13.125 0.875 0)
(13.25 0.875 0)
(13.375 0.875 0)
(13.5 0.875 0)
(13.625 0.875 0)
(13.75 0.875 0)
(13.875 0.875 0)
(14 0.875 0)
(14.125 0.875 0)
(14.25 0.875 0)
(14.375 0.875 0)
(14.5 0.875 0)
(14.625 0.875 0)
(14.75 0.875 0)
(14.875 0.875 0)
(15 0.875 0)
(0.125 1 0)
(0.25 1 0)
(0.375 1 0)
(0.5 1 0)
(0.625 1 0)
(0.75 1 0)
(0.875 1 0)
(1 1 0)
(1.125 1 0)
(1.25 1 0)
(1.375 1 0)
(1.5 1 0)
(1.625 1 0)
(1.75 1 0)
(1.875 1 0)
(2 1 0)
(2.125 1 0)
(2.25 1 0)
(2.375 1 0)
(2.5 1 0)
(2.625 1 0)
(2.75 1 0)
(2.875 1 0)
(3 1 0)
(3.125 1 0)
(3.25 1 0)
(3.375 1 0)
(3.5 1 0)
(3.625 1 0)
(3.75 1 0)
(3.875 1 0)
(4 1 0)
(4.125 1 0)
(4.25 1 0)
(4.375 1 0)
(4.5 1 0)
(4.625 1 0)
(4.75 1 0)
(4.875 1 0)
(5 1 0)
(5.125 1 0)
(5.25 1 0)
(5.375 1 0)
(5.5 1 0)
(5.625 1 0)
(5.75 1 0)
(5.875 1 0)
(6 1 0)
(6.125 1 0)
(6.25 1 0)
(6.375 1 0)
(6.5 1 0)
(6.625 1 0)
(6.75 1 0)
(6.875 1 0)
(7 1 0)
(7.125 1 0)
(7.25 1 0)
(7.375 1 0)
(7.5 1 0)
(7.625 1 0)
(7.75 1 0)
(7.875 1 0)
(8 1 0)
(8.125 1 0)
(8.25 1 0)
(8.375 1 0)
(8.5 1 0)
(8.625 1 0)
(8.75 1 0)
(8.875 1 0)
(9 1 0)
(9.125 1 0)
(9.25 1 0)
(9.375 1 0)
(9.5 1 0)
(9.625 1 0)
(9.75 1 0)
(9.875 1 0)
(10 1 0)
(10.125 1 0)
(10.25 1 0)
(10.375 1 0)
(10.5 1 0)
(10.625 1 0)
(10.75 1 0)
(10.875 1 0)
(11 1 0)
(11.125 1 0)
(11.25 1 0)
(11.375 1 0)
(11.5 1 0)
(11.625 1 0)
(11.75 1 0)
(11.875 1 0)
(12 1 0)
(12.125 1 0)
(12.25 1 0)
(12.375 1 0)
(12.5 1 0)
(12.625 1 0)
(12.75 1 0)
(12.875 1 0)
(13 1 0)
(13.125 1 0)
(13.25 1 0)
(13.375 1 0)
(13.5 1 0)
(13.625 1 0)
(13.75 1 0)
(13.875 1 0)
(14 1 0)
(14.125 1 0)
(14.25 1 0)
(14.375 1 0)
(14.5 1 0)
(14.625 1 0)
(14.75 1 0)
(14.875 1 0)
(15 1 0)
(0 0 2)
(0.125 0 2)
(0.25 0 2)
(0.375 0 2)
(0.5 0 2)
(0.625 0 2)
(0.75 0 2)
(0.875 0 2)
(1 0 2)
(1.125 0 2)
(1.25 0 2)
(1.375 0 2)
(1.5 0 2)
(1.625 0 2)
(1.75 0 2)
(1.875 0 2)
(2 0 2)
(2.125 0 2)
(2.25 0 2)
(2.375 0 2)
(2.5 0 2)
(2.625 0 2)
(2.75 0 2)
(2.875 0 2)
(3 0 2)
(3.125 0 2)
(3.25 0 2)
(3.375 0 2)
(3.5 0 2)
(3.625 0 2)
(3.75 0 2)
(3.875 0 2)
(4 0 2)
(4.125 0 2)
(4.25 0 2)
(4.375 0 2)
(4.5 0 2)
(4.625 0 2)
(4.75 0 2)
(4.875 0 2)
(5 0 2)
(5.125 0 2)
(5.25 0 2)
(5.375 0 2)
(5.5 0 2)
(5.625 0 2)
(5.75 0 2)
(5.875 0 2)
(6 0 2)
(6.125 0 2)
(6.25 0 2)
(6.375 0 2)
(6.5 0 2)
(6.625 0 2)
(6.75 0 2)
(6.875 0 2)
(7 0 2)
(7.125 0 2)
(7.25 0 2)
(7.375 0 2)
(7.5 0 2)
(7.625 0 2)
(7.75 0 2)
(7.875 0 2)
(8 0 2)
(8.125 0 2)
(8.25 0 2)
(8.375 0 2)
(8.5 0 2)
(8.625 0 2)
(8.75 0 2)
(8.875 0 2)
(9 0 2)
(9.125 0 2)
(9.25 0 2)
(9.375 0 2)
(9.5 0 2)
(9.625 0 2)
(9.75 0 2)
(9.875 0 2)
(10 0 2)
(10.125 0 2)
(10.25 0 2)
(10.375 0 2)
(10.5 0 2)
(10.625 0 2)
(10.75 0 2)
(10.875 0 2)
(11 0 2)
(11.125 0 2)
(11.25 0 2)
(11.375 0 2)
(11.5 0 2)
(11.625 0 2)
(11.75 0 2)
(11.875 0 2)
(12 0 2)
(12.125 0 2)
(12.25 0 2)
(12.375 0 2)
(12.5 0 2)
(12.625 0 2)
(12.75 0 2)
(12.875 0 2)
(13 0 2)
(13.125 0 2)
(13.25 0 2)
(13.375 0 2)
(13.5 0 2)
(13.625 0 2)
(13.75 0 2)
(13.875 0 2)
(14 0 2)
(14.125 0 2)
(14.25 0 2)
(14.375 0 2)
(14.5 0 2)
(14.625 0 2)
(14.75 0 2)
(14.875 0 2)
(15 0 2)
(0 0.125 2)
(0.125 0.125 2)
(0.25 0.125 2)
(0.375 0.125 2)
(0.5 0.125 2)
(0.625 0.125 2)
(0.75 0.125 2)
(0.875 0.125 2)
(1 0.125 2)
(1.125 0.125 2)
(1.25 0.125 2)
(1.375 0.125 2)
(1.5 0.125 2)
(1.625 0.125 2)
(1.75 0.125 2)
(1.875 0.125 2)
(2 0.125 2)
(2.125 0.125 2)
(2.25 0.125 2)
(2.375 0.125 2)
(2.5 0.125 2)
(2.625 0.125 2)
(2.75 0.125 2)
(2.875 0.125 2)
(3 0.125 2)
(3.125 0.125 2)
(3.25 0.125 2)
(3.375 0.125 2)
(3.5 0.125 2)
(3.625 0.125 2)
(3.75 0.125 2)
(3.875 0.125 2)
(4 0.125 2)
(4.125 0.125 2)
(4.25 0.125 2)
(4.375 0.125 2)
(4.5 0.125 2)
(4.625 0.125 2)
(4.75 0.125 2)
(4.875 0.125 2)
(5 0.125 2)
(5.125 0.125 2)
(5.25 0.125 2)
(5.375 0.125 2)
(5.5 0.125 2)
(5.625 0.125 2)
(5.75 0.125 2)
(5.875 0.125 2)
(6 0.125 2)
(6.125 0.125 2)
(6.25 0.125 2)
(6.375 0.125 2)
(6.5 0.125 2)
(6.625 0.125 2)
(6.75 0.125 2)
(6.875 0.125 2)
(7 0.125 2)
(7.125 0.125 2)
(7.25 0.125 2)
(7.375 0.125 2)
(7.5 0.125 2)
(7.625 0.125 2)
(7.75 0.125 2)
(7.875 0.125 2)
(8 0.125 2)
(8.125 0.125 2)
(8.25 0.125 2)
(8.375 0.125 2)
(8.5 0.125 2)
(8.625 0.125 2)
(8.75 0.125 2)
(8.875 0.125 2)
(9 0.125 2)
(9.125 0.125 2)
(9.25 0.125 2)
(9.375 0.125 2)
(9.5 0.125 2)
(9.625 0.125 2)
(9.75 0.125 2)
(9.875 0.125 2)
(10 0.125 2)
(10.125 0.125 2)
(10.25 0.125 2)
(10.375 0.125 2)
(10.5 0.125 2)
(10.625 0.125 2)
(10.75 0.125 2)
(10.875 0.125 2)
(11 0.125 2)
(11.125 0.125 2)
(11.25 0.125 2)
(11.375 0.125 2)
(11.5 0.125 2)
(11.625 0.125 2)
(11.75 0.125 2)
(11.875 0.125 2)
(12 0.125 2)
(12.125 0.125 2)
(12.25 0.125 2)
(12.375 0.125 2)
(12.5 0.125 2)
(12.625 0.125 2)
(12.75 0.125 2)
(12.875 0.125 2)
(13 0.125 2)
(13.125 0.125 2)
(13.25 0.125 2)
(13.375 0.125 2)
(13.5 0.125 2)
(13.625 0.125 2)
(13.75 0.125 2)
(13.875 0.125 2)
(14 0.125 2)
(14.125 0.125 2)
(14.25 0.125 2)
(14.375 0.125 2)
(14.5 0.125 2)
(14.625 0.125 2)
(14.75 0.125 2)
(14.875 0.125 2)
(15 0.125 2)
(0 0.25 2)
(0.125 0.25 2)
(0.25 0.25 2)
(0.375 0.25 2)
(0.5 0.25 2)
(0.625 0.25 2)
(0.75 0.25 2)
(0.875 0.25 2)
(1 0.25 2)
(1.125 0.25 2)
(1.25 0.25 2)
(1.375 0.25 2)
(1.5 0.25 2)
(1.625 0.25 2)
(1.75 0.25 2)
(1.875 0.25 2)
(2 0.25 2)
(2.125 0.25 2)
(2.25 0.25 2)
(2.375 0.25 2)
(2.5 0.25 2)
(2.625 0.25 2)
(2.75 0.25 2)
(2.875 0.25 2)
(3 0.25 2)
(3.125 0.25 2)
(3.25 0.25 2)
(3.375 0.25 2)
(3.5 0.25 2)
(3.625 0.25 2)
(3.75 0.25 2)
(3.875 0.25 2)
(4 0.25 2)
(4.125 0.25 2)
(4.25 0.25 2)
(4.375 0.25 2)
(4.5 0.25 2)
(4.625 0.25 2)
(4.75 0.25 2)
(4.875 0.25 2)
(5 0.25 2)
(5.125 0.25 2)
(5.25 0.25 2)
(5.375 0.25 2)
(5.5 0.25 2)
(5.625 0.25 2)
(5.75 0.25 2)
(5.875 0.25 2)
(6 0.25 2)
(6.125 0.25 2)
(6.25 0.25 2)
(6.375 0.25 2)
(6.5 0.25 2)
(6.625 0.25 2)
(6.75 0.25 2)
(6.875 0.25 2)
(7 0.25 2)
(7.125 0.25 2)
(7.25 0.25 2)
(7.375 0.25 2)
(7.5 0.25 2)
(7.625 0.25 2)
(7.75 0.25 2)
(7.875 0.25 2)
(8 0.25 2)
(8.125 0.25 2)
(8.25 0.25 2)
(8.375 0.25 2)
(8.5 0.25 2)
(8.625 0.25 2)
(8.75 0.25 2)
(8.875 0.25 2)
(9 0.25 2)
(9.125 0.25 2)
(9.25 0.25 2)
(9.375 0.25 2)
(9.5 0.25 2)
(9.625 0.25 2)
(9.75 0.25 2)
(9.875 0.25 2)
(10 0.25 2)
(10.125 0.25 2)
(10.25 0.25 2)
(10.375 0.25 2)
(10.5 0.25 2)
(10.625 0.25 2)
(10.75 0.25 2)
(10.875 0.25 2)
(11 0.25 2)
(11.125 0.25 2)
(11.25 0.25 2)
(11.375 0.25 2)
(11.5 0.25 2)
(11.625 0.25 2)
(11.75 0.25 2)
(11.875 0.25 2)
(12 0.25 2)
(12.125 0.25 2)
(12.25 0.25 2)
(12.375 0.25 2)
(12.5 0.25 2)
(12.625 0.25 2)
(12.75 0.25 2)
(12.875 0.25 2)
(13 0.25 2)
(13.125 0.25 2)
(13.25 0.25 2)
(13.375 0.25 2)
(13.5 0.25 2)
(13.625 0.25 2)
(13.75 0.25 2)
(13.875 0.25 2)
(14 0.25 2)
(14.125 0.25 2)
(14.25 0.25 2)
(14.375 0.25 2)
(14.5 0.25 2)
(14.625 0.25 2)
(14.75 0.25 2)
(14.875 0.25 2)
(15 0.25 2)
(0 0.375 2)
(0.125 0.375 2)
(0.25 0.375 2)
(0.375 0.375 2)
(0.5 0.375 2)
(0.625 0.375 2)
(0.75 0.375 2)
(0.875 0.375 2)
(1 0.375 2)
(1.125 0.375 2)
(1.25 0.375 2)
(1.375 0.375 2)
(1.5 0.375 2)
(1.625 0.375 2)
(1.75 0.375 2)
(1.875 0.375 2)
(2 0.375 2)
(2.125 0.375 2)
(2.25 0.375 2)
(2.375 0.375 2)
(2.5 0.375 2)
(2.625 0.375 2)
(2.75 0.375 2)
(2.875 0.375 2)
(3 0.375 2)
(3.125 0.375 2)
(3.25 0.375 2)
(3.375 0.375 2)
(3.5 0.375 2)
(3.625 0.375 2)
(3.75 0.375 2)
(3.875 0.375 2)
(4 0.375 2)
(4.125 0.375 2)
(4.25 0.375 2)
(4.375 0.375 2)
(4.5 0.375 2)
(4.625 0.375 2)
(4.75 0.375 2)
(4.875 0.375 2)
(5 0.375 2)
(5.125 0.375 2)
(5.25 0.375 2)
(5.375 0.375 2)
(5.5 0.375 2)
(5.625 0.375 2)
(5.75 0.375 2)
(5.875 0.375 2)
(6 0.375 2)
(6.125 0.375 2)
(6.25 0.375 2)
(6.375 0.375 2)
(6.5 0.375 2)
(6.625 0.375 2)
(6.75 0.375 2)
(6.875 0.375 2)
(7 0.375 2)
(7.125 0.375 2)
(7.25 0.375 2)
(7.375 0.375 2)
(7.5 0.375 2)
(7.625 0.375 2)
(7.75 0.375 2)
(7.875 0.375 2)
(8 0.375 2)
(8.125 0.375 2)
(8.25 0.375 2)
(8.375 0.375 2)
(8.5 0.375 2)
(8.625 0.375 2)
(8.75 0.375 2)
(8.875 0.375 2)
(9 0.375 2)
(9.125 0.375 2)
(9.25 0.375 2)
(9.375 0.375 2)
(9.5 0.375 2)
(9.625 0.375 2)
(9.75 0.375 2)
(9.875 0.375 2)
(10 0.375 2)
(10.125 0.375 2)
(10.25 0.375 2)
(10.375 0.375 2)
(10.5 0.375 2)
(10.625 0.375 2)
(10.75 0.375 2)
(10.875 0.375 2)
(11 0.375 2)
(11.125 0.375 2)
(11.25 0.375 2)
(11.375 0.375 2)
(11.5 0.375 2)
(11.625 0.375 2)
(11.75 0.375 2)
(11.875 0.375 2)
(12 0.375 2)
(12.125 0.375 2)
(12.25 0.375 2)
(12.375 0.375 2)
(12.5 0.375 2)
(12.625 0.375 2)
(12.75 0.375 2)
(12.875 0.375 2)
(13 0.375 2)
(13.125 0.375 2)
(13.25 0.375 2)
(13.375 0.375 2)
(13.5 0.375 2)
(13.625 0.375 2)
(13.75 0.375 2)
(13.875 0.375 2)
(14 0.375 2)
(14.125 0.375 2)
(14.25 0.375 2)
(14.375 0.375 2)
(14.5 0.375 2)
(14.625 0.375 2)
(14.75 0.375 2)
(14.875 0.375 2)
(15 0.375 2)
(0 0.5 2)
(0.125 0.5 2)
(0.25 0.5 2)
(0.375 0.5 2)
(0.5 0.5 2)
(0.625 0.5 2)
(0.75 0.5 2)
(0.875 0.5 2)
(1 0.5 2)
(1.125 0.5 2)
(1.25 0.5 2)
(1.375 0.5 2)
(1.5 0.5 2)
(1.625 0.5 2)
(1.75 0.5 2)
(1.875 0.5 2)
(2 0.5 2)
(2.125 0.5 2)
(2.25 0.5 2)
(2.375 0.5 2)
(2.5 0.5 2)
(2.625 0.5 2)
(2.75 0.5 2)
(2.875 0.5 2)
(3 0.5 2)
(3.125 0.5 2)
(3.25 0.5 2)
(3.375 0.5 2)
(3.5 0.5 2)
(3.625 0.5 2)
(3.75 0.5 2)
(3.875 0.5 2)
(4 0.5 2)
(4.125 0.5 2)
(4.25 0.5 2)
(4.375 0.5 2)
(4.5 0.5 2)
(4.625 0.5 2)
(4.75 0.5 2)
(4.875 0.5 2)
(5 0.5 2)
(5.125 0.5 2)
(5.25 0.5 2)
(5.375 0.5 2)
(5.5 0.5 2)
(5.625 0.5 2)
(5.75 0.5 2)
(5.875 0.5 2)
(6 0.5 2)
(6.125 0.5 2)
(6.25 0.5 2)
(6.375 0.5 2)
(6.5 0.5 2)
(6.625 0.5 2)
(6.75 0.5 2)
(6.875 0.5 2)
(7 0.5 2)
(7.125 0.5 2)
(7.25 0.5 2)
(7.375 0.5 2)
(7.5 0.5 2)
(7.625 0.5 2)
(7.75 0.5 2)
(7.875 0.5 2)
(8 0.5 2)
(8.125 0.5 2)
(8.25 0.5 2)
(8.375 0.5 2)
(8.5 0.5 2)
(8.625 0.5 2)
(8.75 0.5 2)
(8.875 0.5 2)
(9 0.5 2)
(9.125 0.5 2)
(9.25 0.5 2)
(9.375 0.5 2)
(9.5 0.5 2)
(9.625 0.5 2)
(9.75 0.5 2)
(9.875 0.5 2)
(10 0.5 2)
(10.125 0.5 2)
(10.25 0.5 2)
(10.375 0.5 2)
(10.5 0.5 2)
(10.625 0.5 2)
(10.75 0.5 2)
(10.875 0.5 2)
(11 0.5 2)
(11.125 0.5 2)
(11.25 0.5 2)
(11.375 0.5 2)
(11.5 0.5 2)
(11.625 0.5 2)
(11.75 0.5 2)
(11.875 0.5 2)
(12 0.5 2)
(12.125 0.5 2)
(12.25 0.5 2)
(12.375 0.5 2)
(12.5 0.5 2)
(12.625 0.5 2)
(12.75 0.5 2)
(12.875 0.5 2)
(13 0.5 2)
(13.125 0.5 2)
(13.25 0.5 2)
(13.375 0.5 2)
(13.5 0.5 2)
(13.625 0.5 2)
(13.75 0.5 2)
(13.875 0.5 2)
(14 0.5 2)
(14.125 0.5 2)
(14.25 0.5 2)
(14.375 0.5 2)
(14.5 0.5 2)
(14.625 0.5 2)
(14.75 0.5 2)
(14.875 0.5 2)
(15 0.5 2)
(0 0.625 2)
(0.125 0.625 2)
(0.25 0.625 2)
(0.375 0.625 2)
(0.5 0.625 2)
(0.625 0.625 2)
(0.75 0.625 2)
(0.875 0.625 2)
(1 0.625 2)
(1.125 0.625 2)
(1.25 0.625 2)
(1.375 0.625 2)
(1.5 0.625 2)
(1.625 0.625 2)
(1.75 0.625 2)
(1.875 0.625 2)
(2 0.625 2)
(2.125 0.625 2)
(2.25 0.625 2)
(2.375 0.625 2)
(2.5 0.625 2)
(2.625 0.625 2)
(2.75 0.625 2)
(2.875 0.625 2)
(3 0.625 2)
(3.125 0.625 2)
(3.25 0.625 2)
(3.375 0.625 2)
(3.5 0.625 2)
(3.625 0.625 2)
(3.75 0.625 2)
(3.875 0.625 2)
(4 0.625 2)
(4.125 0.625 2)
(4.25 0.625 2)
(4.375 0.625 2)
(4.5 0.625 2)
(4.625 0.625 2)
(4.75 0.625 2)
(4.875 0.625 2)
(5 0.625 2)
(5.125 0.625 2)
(5.25 0.625 2)
(5.375 0.625 2)
(5.5 0.625 2)
(5.625 0.625 2)
(5.75 0.625 2)
(5.875 0.625 2)
(6 0.625 2)
(6.125 0.625 2)
(6.25 0.625 2)
(6.375 0.625 2)
(6.5 0.625 2)
(6.625 0.625 2)
(6.75 0.625 2)
(6.875 0.625 2)
(7 0.625 2)
(7.125 0.625 2)
(7.25 0.625 2)
(7.375 0.625 2)
(7.5 0.625 2)
(7.625 0.625 2)
(7.75 0.625 2)
(7.875 0.625 2)
(8 0.625 2)
(8.125 0.625 2)
(8.25 0.625 2)
(8.375 0.625 2)
(8.5 0.625 2)
(8.625 0.625 2)
(8.75 0.625 2)
(8.875 0.625 2)
(9 0.625 2)
(9.125 0.625 2)
(9.25 0.625 2)
(9.375 0.625 2)
(9.5 0.625 2)
(9.625 0.625 2)
(9.75 0.625 2)
(9.875 0.625 2)
(10 0.625 2)
(10.125 0.625 2)
(10.25 0.625 2)
(10.375 0.625 2)
(10.5 0.625 2)
(10.625 0.625 2)
(10.75 0.625 2)
(10.875 0.625 2)
(11 0.625 2)
(11.125 0.625 2)
(11.25 0.625 2)
(11.375 0.625 2)
(11.5 0.625 2)
(11.625 0.625 2)
(11.75 0.625 2)
(11.875 0.625 2)
(12 0.625 2)
(12.125 0.625 2)
(12.25 0.625 2)
(12.375 0.625 2)
(12.5 0.625 2)
(12.625 0.625 2)
(12.75 0.625 2)
(12.875 0.625 2)
(13 0.625 2)
(13.125 0.625 2)
(13.25 0.625 2)
(13.375 0.625 2)
(13.5 0.625 2)
(13.625 0.625 2)
(13.75 0.625 2)
(13.875 0.625 2)
(14 0.625 2)
(14.125 0.625 2)
(14.25 0.625 2)
(14.375 0.625 2)
(14.5 0.625 2)
(14.625 0.625 2)
(14.75 0.625 2)
(14.875 0.625 2)
(15 0.625 2)
(0 0.75 2)
(0.125 0.75 2)
(0.25 0.75 2)
(0.375 0.75 2)
(0.5 0.75 2)
(0.625 0.75 2)
(0.75 0.75 2)
(0.875 0.75 2)
(1 0.75 2)
(1.125 0.75 2)
(1.25 0.75 2)
(1.375 0.75 2)
(1.5 0.75 2)
(1.625 0.75 2)
(1.75 0.75 2)
(1.875 0.75 2)
(2 0.75 2)
(2.125 0.75 2)
(2.25 0.75 2)
(2.375 0.75 2)
(2.5 0.75 2)
(2.625 0.75 2)
(2.75 0.75 2)
(2.875 0.75 2)
(3 0.75 2)
(3.125 0.75 2)
(3.25 0.75 2)
(3.375 0.75 2)
(3.5 0.75 2)
(3.625 0.75 2)
(3.75 0.75 2)
(3.875 0.75 2)
(4 0.75 2)
(4.125 0.75 2)
(4.25 0.75 2)
(4.375 0.75 2)
(4.5 0.75 2)
(4.625 0.75 2)
(4.75 0.75 2)
(4.875 0.75 2)
(5 0.75 2)
(5.125 0.75 2)
(5.25 0.75 2)
(5.375 0.75 2)
(5.5 0.75 2)
(5.625 0.75 2)
(5.75 0.75 2)
(5.875 0.75 2)
(6 0.75 2)
(6.125 0.75 2)
(6.25 0.75 2)
(6.375 0.75 2)
(6.5 0.75 2)
(6.625 0.75 2)
(6.75 0.75 2)
(6.875 0.75 2)
(7 0.75 2)
(7.125 0.75 2)
(7.25 0.75 2)
(7.375 0.75 2)
(7.5 0.75 2)
(7.625 0.75 2)
(7.75 0.75 2)
(7.875 0.75 2)
(8 0.75 2)
(8.125 0.75 2)
(8.25 0.75 2)
(8.375 0.75 2)
(8.5 0.75 2)
(8.625 0.75 2)
(8.75 0.75 2)
(8.875 0.75 2)
(9 0.75 2)
(9.125 0.75 2)
(9.25 0.75 2)
(9.375 0.75 2)
(9.5 0.75 2)
(9.625 0.75 2)
(9.75 0.75 2)
(9.875 0.75 2)
(10 0.75 2)
(10.125 0.75 2)
(10.25 0.75 2)
(10.375 0.75 2)
(10.5 0.75 2)
(10.625 0.75 2)
(10.75 0.75 2)
(10.875 0.75 2)
(11 0.75 2)
(11.125 0.75 2)
(11.25 0.75 2)
(11.375 0.75 2)
(11.5 0.75 2)
(11.625 0.75 2)
(11.75 0.75 2)
(11.875 0.75 2)
(12 0.75 2)
(12.125 0.75 2)
(12.25 0.75 2)
(12.375 0.75 2)
(12.5 0.75 2)
(12.625 0.75 2)
(12.75 0.75 2)
(12.875 0.75 2)
(13 0.75 2)
(13.125 0.75 2)
(13.25 0.75 2)
(13.375 0.75 2)
(13.5 0.75 2)
(13.625 0.75 2)
(13.75 0.75 2)
(13.875 0.75 2)
(14 0.75 2)
(14.125 0.75 2)
(14.25 0.75 2)
(14.375 0.75 2)
(14.5 0.75 2)
(14.625 0.75 2)
(14.75 0.75 2)
(14.875 0.75 2)
(15 0.75 2)
(0 0.875 2)
(0.125 0.875 2)
(0.25 0.875 2)
(0.375 0.875 2)
(0.5 0.875 2)
(0.625 0.875 2)
(0.75 0.875 2)
(0.875 0.875 2)
(1 0.875 2)
(1.125 0.875 2)
(1.25 0.875 2)
(1.375 0.875 2)
(1.5 0.875 2)
(1.625 0.875 2)
(1.75 0.875 2)
(1.875 0.875 2)
(2 0.875 2)
(2.125 0.875 2)
(2.25 0.875 2)
(2.375 0.875 2)
(2.5 0.875 2)
(2.625 0.875 2)
(2.75 0.875 2)
(2.875 0.875 2)
(3 0.875 2)
(3.125 0.875 2)
(3.25 0.875 2)
(3.375 0.875 2)
(3.5 0.875 2)
(3.625 0.875 2)
(3.75 0.875 2)
(3.875 0.875 2)
(4 0.875 2)
(4.125 0.875 2)
(4.25 0.875 2)
(4.375 0.875 2)
(4.5 0.875 2)
(4.625 0.875 2)
(4.75 0.875 2)
(4.875 0.875 2)
(5 0.875 2)
(5.125 0.875 2)
(5.25 0.875 2)
(5.375 0.875 2)
(5.5 0.875 2)
(5.625 0.875 2)
(5.75 0.875 2)
(5.875 0.875 2)
(6 0.875 2)
(6.125 0.875 2)
(6.25 0.875 2)
(6.375 0.875 2)
(6.5 0.875 2)
(6.625 0.875 2)
(6.75 0.875 2)
(6.875 0.875 2)
(7 0.875 2)
(7.125 0.875 2)
(7.25 0.875 2)
(7.375 0.875 2)
(7.5 0.875 2)
(7.625 0.875 2)
(7.75 0.875 2)
(7.875 0.875 2)
(8 0.875 2)
(8.125 0.875 2)
(8.25 0.875 2)
(8.375 0.875 2)
(8.5 0.875 2)
(8.625 0.875 2)
(8.75 0.875 2)
(8.875 0.875 2)
(9 0.875 2)
(9.125 0.875 2)
(9.25 0.875 2)
(9.375 0.875 2)
(9.5 0.875 2)
(9.625 0.875 2)
(9.75 0.875 2)
(9.875 0.875 2)
(10 0.875 2)
(10.125 0.875 2)
(10.25 0.875 2)
(10.375 0.875 2)
(10.5 0.875 2)
(10.625 0.875 2)
(10.75 0.875 2)
(10.875 0.875 2)
(11 0.875 2)
(11.125 0.875 2)
(11.25 0.875 2)
(11.375 0.875 2)
(11.5 0.875 2)
(11.625 0.875 2)
(11.75 0.875 2)
(11.875 0.875 2)
(12 0.875 2)
(12.125 0.875 2)
(12.25 0.875 2)
(12.375 0.875 2)
(12.5 0.875 2)
(12.625 0.875 2)
(12.75 0.875 2)
(12.875 0.875 2)
(13 0.875 2)
(13.125 0.875 2)
(13.25 0.875 2)
(13.375 0.875 2)
(13.5 0.875 2)
(13.625 0.875 2)
(13.75 0.875 2)
(13.875 0.875 2)
(14 0.875 2)
(14.125 0.875 2)
(14.25 0.875 2)
(14.375 0.875 2)
(14.5 0.875 2)
(14.625 0.875 2)
(14.75 0.875 2)
(14.875 0.875 2)
(15 0.875 2)
(0.125 1 2)
(0.25 1 2)
(0.375 1 2)
(0.5 1 2)
(0.625 1 2)
(0.75 1 2)
(0.875 1 2)
(1 1 2)
(1.125 1 2)
(1.25 1 2)
(1.375 1 2)
(1.5 1 2)
(1.625 1 2)
(1.75 1 2)
(1.875 1 2)
(2 1 2)
(2.125 1 2)
(2.25 1 2)
(2.375 1 2)
(2.5 1 2)
(2.625 1 2)
(2.75 1 2)
(2.875 1 2)
(3 1 2)
(3.125 1 2)
(3.25 1 2)
(3.375 1 2)
(3.5 1 2)
(3.625 1 2)
(3.75 1 2)
(3.875 1 2)
(4 1 2)
(4.125 1 2)
(4.25 1 2)
(4.375 1 2)
(4.5 1 2)
(4.625 1 2)
(4.75 1 2)
(4.875 1 2)
(5 1 2)
(5.125 1 2)
(5.25 1 2)
(5.375 1 2)
(5.5 1 2)
(5.625 1 2)
(5.75 1 2)
(5.875 1 2)
(6 1 2)
(6.125 1 2)
(6.25 1 2)
(6.375 1 2)
(6.5 1 2)
(6.625 1 2)
(6.75 1 2)
(6.875 1 2)
(7 1 2)
(7.125 1 2)
(7.25 1 2)
(7.375 1 2)
(7.5 1 2)
(7.625 1 2)
(7.75 1 2)
(7.875 1 2)
(8 1 2)
(8.125 1 2)
(8.25 1 2)
(8.375 1 2)
(8.5 1 2)
(8.625 1 2)
(8.75 1 2)
(8.875 1 2)
(9 1 2)
(9.125 1 2)
(9.25 1 2)
(9.375 1 2)
(9.5 1 2)
(9.625 1 2)
(9.75 1 2)
(9.875 1 2)
(10 1 2)
(10.125 1 2)
(10.25 1 2)
(10.375 1 2)
(10.5 1 2)
(10.625 1 2)
(10.75 1 2)
(10.875 1 2)
(11 1 2)
(11.125 1 2)
(11.25 1 2)
(11.375 1 2)
(11.5 1 2)
(11.625 1 2)
(11.75 1 2)
(11.875 1 2)
(12 1 2)
(12.125 1 2)
(12.25 1 2)
(12.375 1 2)
(12.5 1 2)
(12.625 1 2)
(12.75 1 2)
(12.875 1 2)
(13 1 2)
(13.125 1 2)
(13.25 1 2)
(13.375 1 2)
(13.5 1 2)
(13.625 1 2)
(13.75 1 2)
(13.875 1 2)
(14 1 2)
(14.125 1 2)
(14.25 1 2)
(14.375 1 2)
(14.5 1 2)
(14.625 1 2)
(14.75 1 2)
(14.875 1 2)
(15 1 2)
(0.125 1.125 0)
(0.25 1.125 0)
(0.375 1.125 0)
(0.5 1.125 0)
(0.625 1.125 0)
(0.75 1.125 0)
(0.875 1.125 0)
(1 1.125 0)
(1.125 1.125 0)
(1.25 1.125 0)
(1.375 1.125 0)
(1.5 1.125 0)
(1.625 1.125 0)
(1.75 1.125 0)
(1.875 1.125 0)
(2 1.125 0)
(2.125 1.125 0)
(2.25 1.125 0)
(2.375 1.125 0)
(2.5 1.125 0)
(2.625 1.125 0)
(2.75 1.125 0)
(2.875 1.125 0)
(3 1.125 0)
(3.125 1.125 0)
(3.25 1.125 0)
(3.375 1.125 0)
(3.5 1.125 0)
(3.625 1.125 0)
(3.75 1.125 0)
(3.875 1.125 0)
(4 1.125 0)
(4.125 1.125 0)
(4.25 1.125 0)
(4.375 1.125 0)
(4.5 1.125 0)
(4.625 1.125 0)
(4.75 1.125 0)
(4.875 1.125 0)
(5 1.125 0)
(5.125 1.125 0)
(5.25 1.125 0)
(5.375 1.125 0)
(5.5 1.125 0)
(5.625 1.125 0)
(5.75 1.125 0)
(5.875 1.125 0)
(6 1.125 0)
(6.125 1.125 0)
(6.25 1.125 0)
(6.375 1.125 0)
(6.5 1.125 0)
(6.625 1.125 0)
(6.75 1.125 0)
(6.875 1.125 0)
(7 1.125 0)
(7.125 1.125 0)
(7.25 1.125 0)
(7.375 1.125 0)
(7.5 1.125 0)
(7.625 1.125 0)
(7.75 1.125 0)
(7.875 1.125 0)
(8 1.125 0)
(8.125 1.125 0)
(8.25 1.125 0)
(8.375 1.125 0)
(8.5 1.125 0)
(8.625 1.125 0)
(8.75 1.125 0)
(8.875 1.125 0)
(9 1.125 0)
(9.125 1.125 0)
(9.25 1.125 0)
(9.375 1.125 0)
(9.5 1.125 0)
(9.625 1.125 0)
(9.75 1.125 0)
(9.875 1.125 0)
(10 1.125 0)
(10.125 1.125 0)
(10.25 1.125 0)
(10.375 1.125 0)
(10.5 1.125 0)
(10.625 1.125 0)
(10.75 1.125 0)
(10.875 1.125 0)
(11 1.125 0)
(11.125 1.125 0)
(11.25 1.125 0)
(11.375 1.125 0)
(11.5 1.125 0)
(11.625 1.125 0)
(11.75 1.125 0)
(11.875 1.125 0)
(12 1.125 0)
(12.125 1.125 0)
(12.25 1.125 0)
(12.375 1.125 0)
(12.5 1.125 0)
(12.625 1.125 0)
(12.75 1.125 0)
(12.875 1.125 0)
(13 1.125 0)
(13.125 1.125 0)
(13.25 1.125 0)
(13.375 1.125 0)
(13.5 1.125 0)
(13.625 1.125 0)
(13.75 1.125 0)
(13.875 1.125 0)
(14 1.125 0)
(14.125 1.125 0)
(14.25 1.125 0)
(14.375 1.125 0)
(14.5 1.125 0)
(14.625 1.125 0)
(14.75 1.125 0)
(14.875 1.125 0)
(15 1.125 0)
(0.125 1.25 0)
(0.25 1.25 0)
(0.375 1.25 0)
(0.5 1.25 0)
(0.625 1.25 0)
(0.75 1.25 0)
(0.875 1.25 0)
(1 1.25 0)
(1.125 1.25 0)
(1.25 1.25 0)
(1.375 1.25 0)
(1.5 1.25 0)
(1.625 1.25 0)
(1.75 1.25 0)
(1.875 1.25 0)
(2 1.25 0)
(2.125 1.25 0)
(2.25 1.25 0)
(2.375 1.25 0)
(2.5 1.25 0)
(2.625 1.25 0)
(2.75 1.25 0)
(2.875 1.25 0)
(3 1.25 0)
(3.125 1.25 0)
(3.25 1.25 0)
(3.375 1.25 0)
(3.5 1.25 0)
(3.625 1.25 0)
(3.75 1.25 0)
(3.875 1.25 0)
(4 1.25 0)
(4.125 1.25 0)
(4.25 1.25 0)
(4.375 1.25 0)
(4.5 1.25 0)
(4.625 1.25 0)
(4.75 1.25 0)
(4.875 1.25 0)
(5 1.25 0)
(5.125 1.25 0)
(5.25 1.25 0)
(5.375 1.25 0)
(5.5 1.25 0)
(5.625 1.25 0)
(5.75 1.25 0)
(5.875 1.25 0)
(6 1.25 0)
(6.125 1.25 0)
(6.25 1.25 0)
(6.375 1.25 0)
(6.5 1.25 0)
(6.625 1.25 0)
(6.75 1.25 0)
(6.875 1.25 0)
(7 1.25 0)
(7.125 1.25 0)
(7.25 1.25 0)
(7.375 1.25 0)
(7.5 1.25 0)
(7.625 1.25 0)
(7.75 1.25 0)
(7.875 1.25 0)
(8 1.25 0)
(8.125 1.25 0)
(8.25 1.25 0)
(8.375 1.25 0)
(8.5 1.25 0)
(8.625 1.25 0)
(8.75 1.25 0)
(8.875 1.25 0)
(9 1.25 0)
(9.125 1.25 0)
(9.25 1.25 0)
(9.375 1.25 0)
(9.5 1.25 0)
(9.625 1.25 0)
(9.75 1.25 0)
(9.875 1.25 0)
(10 1.25 0)
(10.125 1.25 0)
(10.25 1.25 0)
(10.375 1.25 0)
(10.5 1.25 0)
(10.625 1.25 0)
(10.75 1.25 0)
(10.875 1.25 0)
(11 1.25 0)
(11.125 1.25 0)
(11.25 1.25 0)
(11.375 1.25 0)
(11.5 1.25 0)
(11.625 1.25 0)
(11.75 1.25 0)
(11.875 1.25 0)
(12 1.25 0)
(12.125 1.25 0)
(12.25 1.25 0)
(12.375 1.25 0)
(12.5 1.25 0)
(12.625 1.25 0)
(12.75 1.25 0)
(12.875 1.25 0)
(13 1.25 0)
(13.125 1.25 0)
(13.25 1.25 0)
(13.375 1.25 0)
(13.5 1.25 0)
(13.625 1.25 0)
(13.75 1.25 0)
(13.875 1.25 0)
(14 1.25 0)
(14.125 1.25 0)
(14.25 1.25 0)
(14.375 1.25 0)
(14.5 1.25 0)
(14.625 1.25 0)
(14.75 1.25 0)
(14.875 1.25 0)
(15 1.25 0)
(0.125 1.375 0)
(0.25 1.375 0)
(0.375 1.375 0)
(0.5 1.375 0)
(0.625 1.375 0)
(0.75 1.375 0)
(0.875 1.375 0)
(1 1.375 0)
(1.125 1.375 0)
(1.25 1.375 0)
(1.375 1.375 0)
(1.5 1.375 0)
(1.625 1.375 0)
(1.75 1.375 0)
(1.875 1.375 0)
(2 1.375 0)
(2.125 1.375 0)
(2.25 1.375 0)
(2.375 1.375 0)
(2.5 1.375 0)
(2.625 1.375 0)
(2.75 1.375 0)
(2.875 1.375 0)
(3 1.375 0)
(3.125 1.375 0)
(3.25 1.375 0)
(3.375 1.375 0)
(3.5 1.375 0)
(3.625 1.375 0)
(3.75 1.375 0)
(3.875 1.375 0)
(4 1.375 0)
(4.125 1.375 0)
(4.25 1.375 0)
(4.375 1.375 0)
(4.5 1.375 0)
(4.625 1.375 0)
(4.75 1.375 0)
(4.875 1.375 0)
(5 1.375 0)
(5.125 1.375 0)
(5.25 1.375 0)
(5.375 1.375 0)
(5.5 1.375 0)
(5.625 1.375 0)
(5.75 1.375 0)
(5.875 1.375 0)
(6 1.375 0)
(6.125 1.375 0)
(6.25 1.375 0)
(6.375 1.375 0)
(6.5 1.375 0)
(6.625 1.375 0)
(6.75 1.375 0)
(6.875 1.375 0)
(7 1.375 0)
(7.125 1.375 0)
(7.25 1.375 0)
(7.375 1.375 0)
(7.5 1.375 0)
(7.625 1.375 0)
(7.75 1.375 0)
(7.875 1.375 0)
(8 1.375 0)
(8.125 1.375 0)
(8.25 1.375 0)
(8.375 1.375 0)
(8.5 1.375 0)
(8.625 1.375 0)
(8.75 1.375 0)
(8.875 1.375 0)
(9 1.375 0)
(9.125 1.375 0)
(9.25 1.375 0)
(9.375 1.375 0)
(9.5 1.375 0)
(9.625 1.375 0)
(9.75 1.375 0)
(9.875 1.375 0)
(10 1.375 0)
(10.125 1.375 0)
(10.25 1.375 0)
(10.375 1.375 0)
(10.5 1.375 0)
(10.625 1.375 0)
(10.75 1.375 0)
(10.875 1.375 0)
(11 1.375 0)
(11.125 1.375 0)
(11.25 1.375 0)
(11.375 1.375 0)
(11.5 1.375 0)
(11.625 1.375 0)
(11.75 1.375 0)
(11.875 1.375 0)
(12 1.375 0)
(12.125 1.375 0)
(12.25 1.375 0)
(12.375 1.375 0)
(12.5 1.375 0)
(12.625 1.375 0)
(12.75 1.375 0)
(12.875 1.375 0)
(13 1.375 0)
(13.125 1.375 0)
(13.25 1.375 0)
(13.375 1.375 0)
(13.5 1.375 0)
(13.625 1.375 0)
(13.75 1.375 0)
(13.875 1.375 0)
(14 1.375 0)
(14.125 1.375 0)
(14.25 1.375 0)
(14.375 1.375 0)
(14.5 1.375 0)
(14.625 1.375 0)
(14.75 1.375 0)
(14.875 1.375 0)
(15 1.375 0)
(0.125 1.5 0)
(0.25 1.5 0)
(0.375 1.5 0)
(0.5 1.5 0)
(0.625 1.5 0)
(0.75 1.5 0)
(0.875 1.5 0)
(1 1.5 0)
(1.125 1.5 0)
(1.25 1.5 0)
(1.375 1.5 0)
(1.5 1.5 0)
(1.625 1.5 0)
(1.75 1.5 0)
(1.875 1.5 0)
(2 1.5 0)
(2.125 1.5 0)
(2.25 1.5 0)
(2.375 1.5 0)
(2.5 1.5 0)
(2.625 1.5 0)
(2.75 1.5 0)
(2.875 1.5 0)
(3 1.5 0)
(3.125 1.5 0)
(3.25 1.5 0)
(3.375 1.5 0)
(3.5 1.5 0)
(3.625 1.5 0)
(3.75 1.5 0)
(3.875 1.5 0)
(4 1.5 0)
(4.125 1.5 0)
(4.25 1.5 0)
(4.375 1.5 0)
(4.5 1.5 0)
(4.625 1.5 0)
(4.75 1.5 0)
(4.875 1.5 0)
(5 1.5 0)
(5.125 1.5 0)
(5.25 1.5 0)
(5.375 1.5 0)
(5.5 1.5 0)
(5.625 1.5 0)
(5.75 1.5 0)
(5.875 1.5 0)
(6 1.5 0)
(6.125 1.5 0)
(6.25 1.5 0)
(6.375 1.5 0)
(6.5 1.5 0)
(6.625 1.5 0)
(6.75 1.5 0)
(6.875 1.5 0)
(7 1.5 0)
(7.125 1.5 0)
(7.25 1.5 0)
(7.375 1.5 0)
(7.5 1.5 0)
(7.625 1.5 0)
(7.75 1.5 0)
(7.875 1.5 0)
(8 1.5 0)
(8.125 1.5 0)
(8.25 1.5 0)
(8.375 1.5 0)
(8.5 1.5 0)
(8.625 1.5 0)
(8.75 1.5 0)
(8.875 1.5 0)
(9 1.5 0)
(9.125 1.5 0)
(9.25 1.5 0)
(9.375 1.5 0)
(9.5 1.5 0)
(9.625 1.5 0)
(9.75 1.5 0)
(9.875 1.5 0)
(10 1.5 0)
(10.125 1.5 0)
(10.25 1.5 0)
(10.375 1.5 0)
(10.5 1.5 0)
(10.625 1.5 0)
(10.75 1.5 0)
(10.875 1.5 0)
(11 1.5 0)
(11.125 1.5 0)
(11.25 1.5 0)
(11.375 1.5 0)
(11.5 1.5 0)
(11.625 1.5 0)
(11.75 1.5 0)
(11.875 1.5 0)
(12 1.5 0)
(12.125 1.5 0)
(12.25 1.5 0)
(12.375 1.5 0)
(12.5 1.5 0)
(12.625 1.5 0)
(12.75 1.5 0)
(12.875 1.5 0)
(13 1.5 0)
(13.125 1.5 0)
(13.25 1.5 0)
(13.375 1.5 0)
(13.5 1.5 0)
(13.625 1.5 0)
(13.75 1.5 0)
(13.875 1.5 0)
(14 1.5 0)
(14.125 1.5 0)
(14.25 1.5 0)
(14.375 1.5 0)
(14.5 1.5 0)
(14.625 1.5 0)
(14.75 1.5 0)
(14.875 1.5 0)
(15 1.5 0)
(0.125 1.625 0)
(0.25 1.625 0)
(0.375 1.625 0)
(0.5 1.625 0)
(0.625 1.625 0)
(0.75 1.625 0)
(0.875 1.625 0)
(1 1.625 0)
(1.125 1.625 0)
(1.25 1.625 0)
(1.375 1.625 0)
(1.5 1.625 0)
(1.625 1.625 0)
(1.75 1.625 0)
(1.875 1.625 0)
(2 1.625 0)
(2.125 1.625 0)
(2.25 1.625 0)
(2.375 1.625 0)
(2.5 1.625 0)
(2.625 1.625 0)
(2.75 1.625 0)
(2.875 1.625 0)
(3 1.625 0)
(3.125 1.625 0)
(3.25 1.625 0)
(3.375 1.625 0)
(3.5 1.625 0)
(3.625 1.625 0)
(3.75 1.625 0)
(3.875 1.625 0)
(4 1.625 0)
(4.125 1.625 0)
(4.25 1.625 0)
(4.375 1.625 0)
(4.5 1.625 0)
(4.625 1.625 0)
(4.75 1.625 0)
(4.875 1.625 0)
(5 1.625 0)
(5.125 1.625 0)
(5.25 1.625 0)
(5.375 1.625 0)
(5.5 1.625 0)
(5.625 1.625 0)
(5.75 1.625 0)
(5.875 1.625 0)
(6 1.625 0)
(6.125 1.625 0)
(6.25 1.625 0)
(6.375 1.625 0)
(6.5 1.625 0)
(6.625 1.625 0)
(6.75 1.625 0)
(6.875 1.625 0)
(7 1.625 0)
(7.125 1.625 0)
(7.25 1.625 0)
(7.375 1.625 0)
(7.5 1.625 0)
(7.625 1.625 0)
(7.75 1.625 0)
(7.875 1.625 0)
(8 1.625 0)
(8.125 1.625 0)
(8.25 1.625 0)
(8.375 1.625 0)
(8.5 1.625 0)
(8.625 1.625 0)
(8.75 1.625 0)
(8.875 1.625 0)
(9 1.625 0)
(9.125 1.625 0)
(9.25 1.625 0)
(9.375 1.625 0)
(9.5 1.625 0)
(9.625 1.625 0)
(9.75 1.625 0)
(9.875 1.625 0)
(10 1.625 0)
(10.125 1.625 0)
(10.25 1.625 0)
(10.375 1.625 0)
(10.5 1.625 0)
(10.625 1.625 0)
(10.75 1.625 0)
(10.875 1.625 0)
(11 1.625 0)
(11.125 1.625 0)
(11.25 1.625 0)
(11.375 1.625 0)
(11.5 1.625 0)
(11.625 1.625 0)
(11.75 1.625 0)
(11.875 1.625 0)
(12 1.625 0)
(12.125 1.625 0)
(12.25 1.625 0)
(12.375 1.625 0)
(12.5 1.625 0)
(12.625 1.625 0)
(12.75 1.625 0)
(12.875 1.625 0)
(13 1.625 0)
(13.125 1.625 0)
(13.25 1.625 0)
(13.375 1.625 0)
(13.5 1.625 0)
(13.625 1.625 0)
(13.75 1.625 0)
(13.875 1.625 0)
(14 1.625 0)
(14.125 1.625 0)
(14.25 1.625 0)
(14.375 1.625 0)
(14.5 1.625 0)
(14.625 1.625 0)
(14.75 1.625 0)
(14.875 1.625 0)
(15 1.625 0)
(0.125 1.75 0)
(0.25 1.75 0)
(0.375 1.75 0)
(0.5 1.75 0)
(0.625 1.75 0)
(0.75 1.75 0)
(0.875 1.75 0)
(1 1.75 0)
(1.125 1.75 0)
(1.25 1.75 0)
(1.375 1.75 0)
(1.5 1.75 0)
(1.625 1.75 0)
(1.75 1.75 0)
(1.875 1.75 0)
(2 1.75 0)
(2.125 1.75 0)
(2.25 1.75 0)
(2.375 1.75 0)
(2.5 1.75 0)
(2.625 1.75 0)
(2.75 1.75 0)
(2.875 1.75 0)
(3 1.75 0)
(3.125 1.75 0)
(3.25 1.75 0)
(3.375 1.75 0)
(3.5 1.75 0)
(3.625 1.75 0)
(3.75 1.75 0)
(3.875 1.75 0)
(4 1.75 0)
(4.125 1.75 0)
(4.25 1.75 0)
(4.375 1.75 0)
(4.5 1.75 0)
(4.625 1.75 0)
(4.75 1.75 0)
(4.875 1.75 0)
(5 1.75 0)
(5.125 1.75 0)
(5.25 1.75 0)
(5.375 1.75 0)
(5.5 1.75 0)
(5.625 1.75 0)
(5.75 1.75 0)
(5.875 1.75 0)
(6 1.75 0)
(6.125 1.75 0)
(6.25 1.75 0)
(6.375 1.75 0)
(6.5 1.75 0)
(6.625 1.75 0)
(6.75 1.75 0)
(6.875 1.75 0)
(7 1.75 0)
(7.125 1.75 0)
(7.25 1.75 0)
(7.375 1.75 0)
(7.5 1.75 0)
(7.625 1.75 0)
(7.75 1.75 0)
(7.875 1.75 0)
(8 1.75 0)
(8.125 1.75 0)
(8.25 1.75 0)
(8.375 1.75 0)
(8.5 1.75 0)
(8.625 1.75 0)
(8.75 1.75 0)
(8.875 1.75 0)
(9 1.75 0)
(9.125 1.75 0)
(9.25 1.75 0)
(9.375 1.75 0)
(9.5 1.75 0)
(9.625 1.75 0)
(9.75 1.75 0)
(9.875 1.75 0)
(10 1.75 0)
(10.125 1.75 0)
(10.25 1.75 0)
(10.375 1.75 0)
(10.5 1.75 0)
(10.625 1.75 0)
(10.75 1.75 0)
(10.875 1.75 0)
(11 1.75 0)
(11.125 1.75 0)
(11.25 1.75 0)
(11.375 1.75 0)
(11.5 1.75 0)
(11.625 1.75 0)
(11.75 1.75 0)
(11.875 1.75 0)
(12 1.75 0)
(12.125 1.75 0)
(12.25 1.75 0)
(12.375 1.75 0)
(12.5 1.75 0)
(12.625 1.75 0)
(12.75 1.75 0)
(12.875 1.75 0)
(13 1.75 0)
(13.125 1.75 0)
(13.25 1.75 0)
(13.375 1.75 0)
(13.5 1.75 0)
(13.625 1.75 0)
(13.75 1.75 0)
(13.875 1.75 0)
(14 1.75 0)
(14.125 1.75 0)
(14.25 1.75 0)
(14.375 1.75 0)
(14.5 1.75 0)
(14.625 1.75 0)
(14.75 1.75 0)
(14.875 1.75 0)
(15 1.75 0)
(0.125 1.875 0)
(0.25 1.875 0)
(0.375 1.875 0)
(0.5 1.875 0)
(0.625 1.875 0)
(0.75 1.875 0)
(0.875 1.875 0)
(1 1.875 0)
(1.125 1.875 0)
(1.25 1.875 0)
(1.375 1.875 0)
(1.5 1.875 0)
(1.625 1.875 0)
(1.75 1.875 0)
(1.875 1.875 0)
(2 1.875 0)
(2.125 1.875 0)
(2.25 1.875 0)
(2.375 1.875 0)
(2.5 1.875 0)
(2.625 1.875 0)
(2.75 1.875 0)
(2.875 1.875 0)
(3 1.875 0)
(3.125 1.875 0)
(3.25 1.875 0)
(3.375 1.875 0)
(3.5 1.875 0)
(3.625 1.875 0)
(3.75 1.875 0)
(3.875 1.875 0)
(4 1.875 0)
(4.125 1.875 0)
(4.25 1.875 0)
(4.375 1.875 0)
(4.5 1.875 0)
(4.625 1.875 0)
(4.75 1.875 0)
(4.875 1.875 0)
(5 1.875 0)
(5.125 1.875 0)
(5.25 1.875 0)
(5.375 1.875 0)
(5.5 1.875 0)
(5.625 1.875 0)
(5.75 1.875 0)
(5.875 1.875 0)
(6 1.875 0)
(6.125 1.875 0)
(6.25 1.875 0)
(6.375 1.875 0)
(6.5 1.875 0)
(6.625 1.875 0)
(6.75 1.875 0)
(6.875 1.875 0)
(7 1.875 0)
(7.125 1.875 0)
(7.25 1.875 0)
(7.375 1.875 0)
(7.5 1.875 0)
(7.625 1.875 0)
(7.75 1.875 0)
(7.875 1.875 0)
(8 1.875 0)
(8.125 1.875 0)
(8.25 1.875 0)
(8.375 1.875 0)
(8.5 1.875 0)
(8.625 1.875 0)
(8.75 1.875 0)
(8.875 1.875 0)
(9 1.875 0)
(9.125 1.875 0)
(9.25 1.875 0)
(9.375 1.875 0)
(9.5 1.875 0)
(9.625 1.875 0)
(9.75 1.875 0)
(9.875 1.875 0)
(10 1.875 0)
(10.125 1.875 0)
(10.25 1.875 0)
(10.375 1.875 0)
(10.5 1.875 0)
(10.625 1.875 0)
(10.75 1.875 0)
(10.875 1.875 0)
(11 1.875 0)
(11.125 1.875 0)
(11.25 1.875 0)
(11.375 1.875 0)
(11.5 1.875 0)
(11.625 1.875 0)
(11.75 1.875 0)
(11.875 1.875 0)
(12 1.875 0)
(12.125 1.875 0)
(12.25 1.875 0)
(12.375 1.875 0)
(12.5 1.875 0)
(12.625 1.875 0)
(12.75 1.875 0)
(12.875 1.875 0)
(13 1.875 0)
(13.125 1.875 0)
(13.25 1.875 0)
(13.375 1.875 0)
(13.5 1.875 0)
(13.625 1.875 0)
(13.75 1.875 0)
(13.875 1.875 0)
(14 1.875 0)
(14.125 1.875 0)
(14.25 1.875 0)
(14.375 1.875 0)
(14.5 1.875 0)
(14.625 1.875 0)
(14.75 1.875 0)
(14.875 1.875 0)
(15 1.875 0)
(0.125 2 0)
(0.25 2 0)
(0.375 2 0)
(0.5 2 0)
(0.625 2 0)
(0.75 2 0)
(0.875 2 0)
(1 2 0)
(1.125 2 0)
(1.25 2 0)
(1.375 2 0)
(1.5 2 0)
(1.625 2 0)
(1.75 2 0)
(1.875 2 0)
(2 2 0)
(2.125 2 0)
(2.25 2 0)
(2.375 2 0)
(2.5 2 0)
(2.625 2 0)
(2.75 2 0)
(2.875 2 0)
(3 2 0)
(3.125 2 0)
(3.25 2 0)
(3.375 2 0)
(3.5 2 0)
(3.625 2 0)
(3.75 2 0)
(3.875 2 0)
(4 2 0)
(4.125 2 0)
(4.25 2 0)
(4.375 2 0)
(4.5 2 0)
(4.625 2 0)
(4.75 2 0)
(4.875 2 0)
(5 2 0)
(5.125 2 0)
(5.25 2 0)
(5.375 2 0)
(5.5 2 0)
(5.625 2 0)
(5.75 2 0)
(5.875 2 0)
(6 2 0)
(6.125 2 0)
(6.25 2 0)
(6.375 2 0)
(6.5 2 0)
(6.625 2 0)
(6.75 2 0)
(6.875 2 0)
(7 2 0)
(7.125 2 0)
(7.25 2 0)
(7.375 2 0)
(7.5 2 0)
(7.625 2 0)
(7.75 2 0)
(7.875 2 0)
(8 2 0)
(8.125 2 0)
(8.25 2 0)
(8.375 2 0)
(8.5 2 0)
(8.625 2 0)
(8.75 2 0)
(8.875 2 0)
(9 2 0)
(9.125 2 0)
(9.25 2 0)
(9.375 2 0)
(9.5 2 0)
(9.625 2 0)
(9.75 2 0)
(9.875 2 0)
(10 2 0)
(10.125 2 0)
(10.25 2 0)
(10.375 2 0)
(10.5 2 0)
(10.625 2 0)
(10.75 2 0)
(10.875 2 0)
(11 2 0)
(11.125 2 0)
(11.25 2 0)
(11.375 2 0)
(11.5 2 0)
(11.625 2 0)
(11.75 2 0)
(11.875 2 0)
(12 2 0)
(12.125 2 0)
(12.25 2 0)
(12.375 2 0)
(12.5 2 0)
(12.625 2 0)
(12.75 2 0)
(12.875 2 0)
(13 2 0)
(13.125 2 0)
(13.25 2 0)
(13.375 2 0)
(13.5 2 0)
(13.625 2 0)
(13.75 2 0)
(13.875 2 0)
(14 2 0)
(14.125 2 0)
(14.25 2 0)
(14.375 2 0)
(14.5 2 0)
(14.625 2 0)
(14.75 2 0)
(14.875 2 0)
(15 2 0)
(0.125 2.125 0)
(0.25 2.125 0)
(0.375 2.125 0)
(0.5 2.125 0)
(0.625 2.125 0)
(0.75 2.125 0)
(0.875 2.125 0)
(1 2.125 0)
(1.125 2.125 0)
(1.25 2.125 0)
(1.375 2.125 0)
(1.5 2.125 0)
(1.625 2.125 0)
(1.75 2.125 0)
(1.875 2.125 0)
(2 2.125 0)
(2.125 2.125 0)
(2.25 2.125 0)
(2.375 2.125 0)
(2.5 2.125 0)
(2.625 2.125 0)
(2.75 2.125 0)
(2.875 2.125 0)
(3 2.125 0)
(3.125 2.125 0)
(3.25 2.125 0)
(3.375 2.125 0)
(3.5 2.125 0)
(3.625 2.125 0)
(3.75 2.125 0)
(3.875 2.125 0)
(4 2.125 0)
(4.125 2.125 0)
(4.25 2.125 0)
(4.375 2.125 0)
(4.5 2.125 0)
(4.625 2.125 0)
(4.75 2.125 0)
(4.875 2.125 0)
(5 2.125 0)
(5.125 2.125 0)
(5.25 2.125 0)
(5.375 2.125 0)
(5.5 2.125 0)
(5.625 2.125 0)
(5.75 2.125 0)
(5.875 2.125 0)
(6 2.125 0)
(6.125 2.125 0)
(6.25 2.125 0)
(6.375 2.125 0)
(6.5 2.125 0)
(6.625 2.125 0)
(6.75 2.125 0)
(6.875 2.125 0)
(7 2.125 0)
(7.125 2.125 0)
(7.25 2.125 0)
(7.375 2.125 0)
(7.5 2.125 0)
(7.625 2.125 0)
(7.75 2.125 0)
(7.875 2.125 0)
(8 2.125 0)
(8.125 2.125 0)
(8.25 2.125 0)
(8.375 2.125 0)
(8.5 2.125 0)
(8.625 2.125 0)
(8.75 2.125 0)
(8.875 2.125 0)
(9 2.125 0)
(9.125 2.125 0)
(9.25 2.125 0)
(9.375 2.125 0)
(9.5 2.125 0)
(9.625 2.125 0)
(9.75 2.125 0)
(9.875 2.125 0)
(10 2.125 0)
(10.125 2.125 0)
(10.25 2.125 0)
(10.375 2.125 0)
(10.5 2.125 0)
(10.625 2.125 0)
(10.75 2.125 0)
(10.875 2.125 0)
(11 2.125 0)
(11.125 2.125 0)
(11.25 2.125 0)
(11.375 2.125 0)
(11.5 2.125 0)
(11.625 2.125 0)
(11.75 2.125 0)
(11.875 2.125 0)
(12 2.125 0)
(12.125 2.125 0)
(12.25 2.125 0)
(12.375 2.125 0)
(12.5 2.125 0)
(12.625 2.125 0)
(12.75 2.125 0)
(12.875 2.125 0)
(13 2.125 0)
(13.125 2.125 0)
(13.25 2.125 0)
(13.375 2.125 0)
(13.5 2.125 0)
(13.625 2.125 0)
(13.75 2.125 0)
(13.875 2.125 0)
(14 2.125 0)
(14.125 2.125 0)
(14.25 2.125 0)
(14.375 2.125 0)
(14.5 2.125 0)
(14.625 2.125 0)
(14.75 2.125 0)
(14.875 2.125 0)
(15 2.125 0)
(0.125 2.25 0)
(0.25 2.25 0)
(0.375 2.25 0)
(0.5 2.25 0)
(0.625 2.25 0)
(0.75 2.25 0)
(0.875 2.25 0)
(1 2.25 0)
(1.125 2.25 0)
(1.25 2.25 0)
(1.375 2.25 0)
(1.5 2.25 0)
(1.625 2.25 0)
(1.75 2.25 0)
(1.875 2.25 0)
(2 2.25 0)
(2.125 2.25 0)
(2.25 2.25 0)
(2.375 2.25 0)
(2.5 2.25 0)
(2.625 2.25 0)
(2.75 2.25 0)
(2.875 2.25 0)
(3 2.25 0)
(3.125 2.25 0)
(3.25 2.25 0)
(3.375 2.25 0)
(3.5 2.25 0)
(3.625 2.25 0)
(3.75 2.25 0)
(3.875 2.25 0)
(4 2.25 0)
(4.125 2.25 0)
(4.25 2.25 0)
(4.375 2.25 0)
(4.5 2.25 0)
(4.625 2.25 0)
(4.75 2.25 0)
(4.875 2.25 0)
(5 2.25 0)
(5.125 2.25 0)
(5.25 2.25 0)
(5.375 2.25 0)
(5.5 2.25 0)
(5.625 2.25 0)
(5.75 2.25 0)
(5.875 2.25 0)
(6 2.25 0)
(6.125 2.25 0)
(6.25 2.25 0)
(6.375 2.25 0)
(6.5 2.25 0)
(6.625 2.25 0)
(6.75 2.25 0)
(6.875 2.25 0)
(7 2.25 0)
(7.125 2.25 0)
(7.25 2.25 0)
(7.375 2.25 0)
(7.5 2.25 0)
(7.625 2.25 0)
(7.75 2.25 0)
(7.875 2.25 0)
(8 2.25 0)
(8.125 2.25 0)
(8.25 2.25 0)
(8.375 2.25 0)
(8.5 2.25 0)
(8.625 2.25 0)
(8.75 2.25 0)
(8.875 2.25 0)
(9 2.25 0)
(9.125 2.25 0)
(9.25 2.25 0)
(9.375 2.25 0)
(9.5 2.25 0)
(9.625 2.25 0)
(9.75 2.25 0)
(9.875 2.25 0)
(10 2.25 0)
(10.125 2.25 0)
(10.25 2.25 0)
(10.375 2.25 0)
(10.5 2.25 0)
(10.625 2.25 0)
(10.75 2.25 0)
(10.875 2.25 0)
(11 2.25 0)
(11.125 2.25 0)
(11.25 2.25 0)
(11.375 2.25 0)
(11.5 2.25 0)
(11.625 2.25 0)
(11.75 2.25 0)
(11.875 2.25 0)
(12 2.25 0)
(12.125 2.25 0)
(12.25 2.25 0)
(12.375 2.25 0)
(12.5 2.25 0)
(12.625 2.25 0)
(12.75 2.25 0)
(12.875 2.25 0)
(13 2.25 0)
(13.125 2.25 0)
(13.25 2.25 0)
(13.375 2.25 0)
(13.5 2.25 0)
(13.625 2.25 0)
(13.75 2.25 0)
(13.875 2.25 0)
(14 2.25 0)
(14.125 2.25 0)
(14.25 2.25 0)
(14.375 2.25 0)
(14.5 2.25 0)
(14.625 2.25 0)
(14.75 2.25 0)
(14.875 2.25 0)
(15 2.25 0)
(0.125 2.375 0)
(0.25 2.375 0)
(0.375 2.375 0)
(0.5 2.375 0)
(0.625 2.375 0)
(0.75 2.375 0)
(0.875 2.375 0)
(1 2.375 0)
(1.125 2.375 0)
(1.25 2.375 0)
(1.375 2.375 0)
(1.5 2.375 0)
(1.625 2.375 0)
(1.75 2.375 0)
(1.875 2.375 0)
(2 2.375 0)
(2.125 2.375 0)
(2.25 2.375 0)
(2.375 2.375 0)
(2.5 2.375 0)
(2.625 2.375 0)
(2.75 2.375 0)
(2.875 2.375 0)
(3 2.375 0)
(3.125 2.375 0)
(3.25 2.375 0)
(3.375 2.375 0)
(3.5 2.375 0)
(3.625 2.375 0)
(3.75 2.375 0)
(3.875 2.375 0)
(4 2.375 0)
(4.125 2.375 0)
(4.25 2.375 0)
(4.375 2.375 0)
(4.5 2.375 0)
(4.625 2.375 0)
(4.75 2.375 0)
(4.875 2.375 0)
(5 2.375 0)
(5.125 2.375 0)
(5.25 2.375 0)
(5.375 2.375 0)
(5.5 2.375 0)
(5.625 2.375 0)
(5.75 2.375 0)
(5.875 2.375 0)
(6 2.375 0)
(6.125 2.375 0)
(6.25 2.375 0)
(6.375 2.375 0)
(6.5 2.375 0)
(6.625 2.375 0)
(6.75 2.375 0)
(6.875 2.375 0)
(7 2.375 0)
(7.125 2.375 0)
(7.25 2.375 0)
(7.375 2.375 0)
(7.5 2.375 0)
(7.625 2.375 0)
(7.75 2.375 0)
(7.875 2.375 0)
(8 2.375 0)
(8.125 2.375 0)
(8.25 2.375 0)
(8.375 2.375 0)
(8.5 2.375 0)
(8.625 2.375 0)
(8.75 2.375 0)
(8.875 2.375 0)
(9 2.375 0)
(9.125 2.375 0)
(9.25 2.375 0)
(9.375 2.375 0)
(9.5 2.375 0)
(9.625 2.375 0)
(9.75 2.375 0)
(9.875 2.375 0)
(10 2.375 0)
(10.125 2.375 0)
(10.25 2.375 0)
(10.375 2.375 0)
(10.5 2.375 0)
(10.625 2.375 0)
(10.75 2.375 0)
(10.875 2.375 0)
(11 2.375 0)
(11.125 2.375 0)
(11.25 2.375 0)
(11.375 2.375 0)
(11.5 2.375 0)
(11.625 2.375 0)
(11.75 2.375 0)
(11.875 2.375 0)
(12 2.375 0)
(12.125 2.375 0)
(12.25 2.375 0)
(12.375 2.375 0)
(12.5 2.375 0)
(12.625 2.375 0)
(12.75 2.375 0)
(12.875 2.375 0)
(13 2.375 0)
(13.125 2.375 0)
(13.25 2.375 0)
(13.375 2.375 0)
(13.5 2.375 0)
(13.625 2.375 0)
(13.75 2.375 0)
(13.875 2.375 0)
(14 2.375 0)
(14.125 2.375 0)
(14.25 2.375 0)
(14.375 2.375 0)
(14.5 2.375 0)
(14.625 2.375 0)
(14.75 2.375 0)
(14.875 2.375 0)
(15 2.375 0)
(0.125 2.5 0)
(0.25 2.5 0)
(0.375 2.5 0)
(0.5 2.5 0)
(0.625 2.5 0)
(0.75 2.5 0)
(0.875 2.5 0)
(1 2.5 0)
(1.125 2.5 0)
(1.25 2.5 0)
(1.375 2.5 0)
(1.5 2.5 0)
(1.625 2.5 0)
(1.75 2.5 0)
(1.875 2.5 0)
(2 2.5 0)
(2.125 2.5 0)
(2.25 2.5 0)
(2.375 2.5 0)
(2.5 2.5 0)
(2.625 2.5 0)
(2.75 2.5 0)
(2.875 2.5 0)
(3 2.5 0)
(3.125 2.5 0)
(3.25 2.5 0)
(3.375 2.5 0)
(3.5 2.5 0)
(3.625 2.5 0)
(3.75 2.5 0)
(3.875 2.5 0)
(4 2.5 0)
(4.125 2.5 0)
(4.25 2.5 0)
(4.375 2.5 0)
(4.5 2.5 0)
(4.625 2.5 0)
(4.75 2.5 0)
(4.875 2.5 0)
(5 2.5 0)
(5.125 2.5 0)
(5.25 2.5 0)
(5.375 2.5 0)
(5.5 2.5 0)
(5.625 2.5 0)
(5.75 2.5 0)
(5.875 2.5 0)
(6 2.5 0)
(6.125 2.5 0)
(6.25 2.5 0)
(6.375 2.5 0)
(6.5 2.5 0)
(6.625 2.5 0)
(6.75 2.5 0)
(6.875 2.5 0)
(7 2.5 0)
(7.125 2.5 0)
(7.25 2.5 0)
(7.375 2.5 0)
(7.5 2.5 0)
(7.625 2.5 0)
(7.75 2.5 0)
(7.875 2.5 0)
(8 2.5 0)
(8.125 2.5 0)
(8.25 2.5 0)
(8.375 2.5 0)
(8.5 2.5 0)
(8.625 2.5 0)
(8.75 2.5 0)
(8.875 2.5 0)
(9 2.5 0)
(9.125 2.5 0)
(9.25 2.5 0)
(9.375 2.5 0)
(9.5 2.5 0)
(9.625 2.5 0)
(9.75 2.5 0)
(9.875 2.5 0)
(10 2.5 0)
(10.125 2.5 0)
(10.25 2.5 0)
(10.375 2.5 0)
(10.5 2.5 0)
(10.625 2.5 0)
(10.75 2.5 0)
(10.875 2.5 0)
(11 2.5 0)
(11.125 2.5 0)
(11.25 2.5 0)
(11.375 2.5 0)
(11.5 2.5 0)
(11.625 2.5 0)
(11.75 2.5 0)
(11.875 2.5 0)
(12 2.5 0)
(12.125 2.5 0)
(12.25 2.5 0)
(12.375 2.5 0)
(12.5 2.5 0)
(12.625 2.5 0)
(12.75 2.5 0)
(12.875 2.5 0)
(13 2.5 0)
(13.125 2.5 0)
(13.25 2.5 0)
(13.375 2.5 0)
(13.5 2.5 0)
(13.625 2.5 0)
(13.75 2.5 0)
(13.875 2.5 0)
(14 2.5 0)
(14.125 2.5 0)
(14.25 2.5 0)
(14.375 2.5 0)
(14.5 2.5 0)
(14.625 2.5 0)
(14.75 2.5 0)
(14.875 2.5 0)
(15 2.5 0)
(0.125 2.625 0)
(0.25 2.625 0)
(0.375 2.625 0)
(0.5 2.625 0)
(0.625 2.625 0)
(0.75 2.625 0)
(0.875 2.625 0)
(1 2.625 0)
(1.125 2.625 0)
(1.25 2.625 0)
(1.375 2.625 0)
(1.5 2.625 0)
(1.625 2.625 0)
(1.75 2.625 0)
(1.875 2.625 0)
(2 2.625 0)
(2.125 2.625 0)
(2.25 2.625 0)
(2.375 2.625 0)
(2.5 2.625 0)
(2.625 2.625 0)
(2.75 2.625 0)
(2.875 2.625 0)
(3 2.625 0)
(3.125 2.625 0)
(3.25 2.625 0)
(3.375 2.625 0)
(3.5 2.625 0)
(3.625 2.625 0)
(3.75 2.625 0)
(3.875 2.625 0)
(4 2.625 0)
(4.125 2.625 0)
(4.25 2.625 0)
(4.375 2.625 0)
(4.5 2.625 0)
(4.625 2.625 0)
(4.75 2.625 0)
(4.875 2.625 0)
(5 2.625 0)
(5.125 2.625 0)
(5.25 2.625 0)
(5.375 2.625 0)
(5.5 2.625 0)
(5.625 2.625 0)
(5.75 2.625 0)
(5.875 2.625 0)
(6 2.625 0)
(6.125 2.625 0)
(6.25 2.625 0)
(6.375 2.625 0)
(6.5 2.625 0)
(6.625 2.625 0)
(6.75 2.625 0)
(6.875 2.625 0)
(7 2.625 0)
(7.125 2.625 0)
(7.25 2.625 0)
(7.375 2.625 0)
(7.5 2.625 0)
(7.625 2.625 0)
(7.75 2.625 0)
(7.875 2.625 0)
(8 2.625 0)
(8.125 2.625 0)
(8.25 2.625 0)
(8.375 2.625 0)
(8.5 2.625 0)
(8.625 2.625 0)
(8.75 2.625 0)
(8.875 2.625 0)
(9 2.625 0)
(9.125 2.625 0)
(9.25 2.625 0)
(9.375 2.625 0)
(9.5 2.625 0)
(9.625 2.625 0)
(9.75 2.625 0)
(9.875 2.625 0)
(10 2.625 0)
(10.125 2.625 0)
(10.25 2.625 0)
(10.375 2.625 0)
(10.5 2.625 0)
(10.625 2.625 0)
(10.75 2.625 0)
(10.875 2.625 0)
(11 2.625 0)
(11.125 2.625 0)
(11.25 2.625 0)
(11.375 2.625 0)
(11.5 2.625 0)
(11.625 2.625 0)
(11.75 2.625 0)
(11.875 2.625 0)
(12 2.625 0)
(12.125 2.625 0)
(12.25 2.625 0)
(12.375 2.625 0)
(12.5 2.625 0)
(12.625 2.625 0)
(12.75 2.625 0)
(12.875 2.625 0)
(13 2.625 0)
(13.125 2.625 0)
(13.25 2.625 0)
(13.375 2.625 0)
(13.5 2.625 0)
(13.625 2.625 0)
(13.75 2.625 0)
(13.875 2.625 0)
(14 2.625 0)
(14.125 2.625 0)
(14.25 2.625 0)
(14.375 2.625 0)
(14.5 2.625 0)
(14.625 2.625 0)
(14.75 2.625 0)
(14.875 2.625 0)
(15 2.625 0)
(0.125 2.75 0)
(0.25 2.75 0)
(0.375 2.75 0)
(0.5 2.75 0)
(0.625 2.75 0)
(0.75 2.75 0)
(0.875 2.75 0)
(1 2.75 0)
(1.125 2.75 0)
(1.25 2.75 0)
(1.375 2.75 0)
(1.5 2.75 0)
(1.625 2.75 0)
(1.75 2.75 0)
(1.875 2.75 0)
(2 2.75 0)
(2.125 2.75 0)
(2.25 2.75 0)
(2.375 2.75 0)
(2.5 2.75 0)
(2.625 2.75 0)
(2.75 2.75 0)
(2.875 2.75 0)
(3 2.75 0)
(3.125 2.75 0)
(3.25 2.75 0)
(3.375 2.75 0)
(3.5 2.75 0)
(3.625 2.75 0)
(3.75 2.75 0)
(3.875 2.75 0)
(4 2.75 0)
(4.125 2.75 0)
(4.25 2.75 0)
(4.375 2.75 0)
(4.5 2.75 0)
(4.625 2.75 0)
(4.75 2.75 0)
(4.875 2.75 0)
(5 2.75 0)
(5.125 2.75 0)
(5.25 2.75 0)
(5.375 2.75 0)
(5.5 2.75 0)
(5.625 2.75 0)
(5.75 2.75 0)
(5.875 2.75 0)
(6 2.75 0)
(6.125 2.75 0)
(6.25 2.75 0)
(6.375 2.75 0)
(6.5 2.75 0)
(6.625 2.75 0)
(6.75 2.75 0)
(6.875 2.75 0)
(7 2.75 0)
(7.125 2.75 0)
(7.25 2.75 0)
(7.375 2.75 0)
(7.5 2.75 0)
(7.625 2.75 0)
(7.75 2.75 0)
(7.875 2.75 0)
(8 2.75 0)
(8.125 2.75 0)
(8.25 2.75 0)
(8.375 2.75 0)
(8.5 2.75 0)
(8.625 2.75 0)
(8.75 2.75 0)
(8.875 2.75 0)
(9 2.75 0)
(9.125 2.75 0)
(9.25 2.75 0)
(9.375 2.75 0)
(9.5 2.75 0)
(9.625 2.75 0)
(9.75 2.75 0)
(9.875 2.75 0)
(10 2.75 0)
(10.125 2.75 0)
(10.25 2.75 0)
(10.375 2.75 0)
(10.5 2.75 0)
(10.625 2.75 0)
(10.75 2.75 0)
(10.875 2.75 0)
(11 2.75 0)
(11.125 2.75 0)
(11.25 2.75 0)
(11.375 2.75 0)
(11.5 2.75 0)
(11.625 2.75 0)
(11.75 2.75 0)
(11.875 2.75 0)
(12 2.75 0)
(12.125 2.75 0)
(12.25 2.75 0)
(12.375 2.75 0)
(12.5 2.75 0)
(12.625 2.75 0)
(12.75 2.75 0)
(12.875 2.75 0)
(13 2.75 0)
(13.125 2.75 0)
(13.25 2.75 0)
(13.375 2.75 0)
(13.5 2.75 0)
(13.625 2.75 0)
(13.75 2.75 0)
(13.875 2.75 0)
(14 2.75 0)
(14.125 2.75 0)
(14.25 2.75 0)
(14.375 2.75 0)
(14.5 2.75 0)
(14.625 2.75 0)
(14.75 2.75 0)
(14.875 2.75 0)
(15 2.75 0)
(0.125 2.875 0)
(0.25 2.875 0)
(0.375 2.875 0)
(0.5 2.875 0)
(0.625 2.875 0)
(0.75 2.875 0)
(0.875 2.875 0)
(1 2.875 0)
(1.125 2.875 0)
(1.25 2.875 0)
(1.375 2.875 0)
(1.5 2.875 0)
(1.625 2.875 0)
(1.75 2.875 0)
(1.875 2.875 0)
(2 2.875 0)
(2.125 2.875 0)
(2.25 2.875 0)
(2.375 2.875 0)
(2.5 2.875 0)
(2.625 2.875 0)
(2.75 2.875 0)
(2.875 2.875 0)
(3 2.875 0)
(3.125 2.875 0)
(3.25 2.875 0)
(3.375 2.875 0)
(3.5 2.875 0)
(3.625 2.875 0)
(3.75 2.875 0)
(3.875 2.875 0)
(4 2.875 0)
(4.125 2.875 0)
(4.25 2.875 0)
(4.375 2.875 0)
(4.5 2.875 0)
(4.625 2.875 0)
(4.75 2.875 0)
(4.875 2.875 0)
(5 2.875 0)
(5.125 2.875 0)
(5.25 2.875 0)
(5.375 2.875 0)
(5.5 2.875 0)
(5.625 2.875 0)
(5.75 2.875 0)
(5.875 2.875 0)
(6 2.875 0)
(6.125 2.875 0)
(6.25 2.875 0)
(6.375 2.875 0)
(6.5 2.875 0)
(6.625 2.875 0)
(6.75 2.875 0)
(6.875 2.875 0)
(7 2.875 0)
(7.125 2.875 0)
(7.25 2.875 0)
(7.375 2.875 0)
(7.5 2.875 0)
(7.625 2.875 0)
(7.75 2.875 0)
(7.875 2.875 0)
(8 2.875 0)
(8.125 2.875 0)
(8.25 2.875 0)
(8.375 2.875 0)
(8.5 2.875 0)
(8.625 2.875 0)
(8.75 2.875 0)
(8.875 2.875 0)
(9 2.875 0)
(9.125 2.875 0)
(9.25 2.875 0)
(9.375 2.875 0)
(9.5 2.875 0)
(9.625 2.875 0)
(9.75 2.875 0)
(9.875 2.875 0)
(10 2.875 0)
(10.125 2.875 0)
(10.25 2.875 0)
(10.375 2.875 0)
(10.5 2.875 0)
(10.625 2.875 0)
(10.75 2.875 0)
(10.875 2.875 0)
(11 2.875 0)
(11.125 2.875 0)
(11.25 2.875 0)
(11.375 2.875 0)
(11.5 2.875 0)
(11.625 2.875 0)
(11.75 2.875 0)
(11.875 2.875 0)
(12 2.875 0)
(12.125 2.875 0)
(12.25 2.875 0)
(12.375 2.875 0)
(12.5 2.875 0)
(12.625 2.875 0)
(12.75 2.875 0)
(12.875 2.875 0)
(13 2.875 0)
(13.125 2.875 0)
(13.25 2.875 0)
(13.375 2.875 0)
(13.5 2.875 0)
(13.625 2.875 0)
(13.75 2.875 0)
(13.875 2.875 0)
(14 2.875 0)
(14.125 2.875 0)
(14.25 2.875 0)
(14.375 2.875 0)
(14.5 2.875 0)
(14.625 2.875 0)
(14.75 2.875 0)
(14.875 2.875 0)
(15 2.875 0)
(0.125 3 0)
(0.25 3 0)
(0.375 3 0)
(0.5 3 0)
(0.625 3 0)
(0.75 3 0)
(0.875 3 0)
(1 3 0)
(1.125 3 0)
(1.25 3 0)
(1.375 3 0)
(1.5 3 0)
(1.625 3 0)
(1.75 3 0)
(1.875 3 0)
(2 3 0)
(2.125 3 0)
(2.25 3 0)
(2.375 3 0)
(2.5 3 0)
(2.625 3 0)
(2.75 3 0)
(2.875 3 0)
(3 3 0)
(3.125 3 0)
(3.25 3 0)
(3.375 3 0)
(3.5 3 0)
(3.625 3 0)
(3.75 3 0)
(3.875 3 0)
(4 3 0)
(4.125 3 0)
(4.25 3 0)
(4.375 3 0)
(4.5 3 0)
(4.625 3 0)
(4.75 3 0)
(4.875 3 0)
(5 3 0)
(5.125 3 0)
(5.25 3 0)
(5.375 3 0)
(5.5 3 0)
(5.625 3 0)
(5.75 3 0)
(5.875 3 0)
(6 3 0)
(6.125 3 0)
(6.25 3 0)
(6.375 3 0)
(6.5 3 0)
(6.625 3 0)
(6.75 3 0)
(6.875 3 0)
(7 3 0)
(7.125 3 0)
(7.25 3 0)
(7.375 3 0)
(7.5 3 0)
(7.625 3 0)
(7.75 3 0)
(7.875 3 0)
(8 3 0)
(8.125 3 0)
(8.25 3 0)
(8.375 3 0)
(8.5 3 0)
(8.625 3 0)
(8.75 3 0)
(8.875 3 0)
(9 3 0)
(9.125 3 0)
(9.25 3 0)
(9.375 3 0)
(9.5 3 0)
(9.625 3 0)
(9.75 3 0)
(9.875 3 0)
(10 3 0)
(10.125 3 0)
(10.25 3 0)
(10.375 3 0)
(10.5 3 0)
(10.625 3 0)
(10.75 3 0)
(10.875 3 0)
(11 3 0)
(11.125 3 0)
(11.25 3 0)
(11.375 3 0)
(11.5 3 0)
(11.625 3 0)
(11.75 3 0)
(11.875 3 0)
(12 3 0)
(12.125 3 0)
(12.25 3 0)
(12.375 3 0)
(12.5 3 0)
(12.625 3 0)
(12.75 3 0)
(12.875 3 0)
(13 3 0)
(13.125 3 0)
(13.25 3 0)
(13.375 3 0)
(13.5 3 0)
(13.625 3 0)
(13.75 3 0)
(13.875 3 0)
(14 3 0)
(14.125 3 0)
(14.25 3 0)
(14.375 3 0)
(14.5 3 0)
(14.625 3 0)
(14.75 3 0)
(14.875 3 0)
(15 3 0)
(0.125 1.125 2)
(0.25 1.125 2)
(0.375 1.125 2)
(0.5 1.125 2)
(0.625 1.125 2)
(0.75 1.125 2)
(0.875 1.125 2)
(1 1.125 2)
(1.125 1.125 2)
(1.25 1.125 2)
(1.375 1.125 2)
(1.5 1.125 2)
(1.625 1.125 2)
(1.75 1.125 2)
(1.875 1.125 2)
(2 1.125 2)
(2.125 1.125 2)
(2.25 1.125 2)
(2.375 1.125 2)
(2.5 1.125 2)
(2.625 1.125 2)
(2.75 1.125 2)
(2.875 1.125 2)
(3 1.125 2)
(3.125 1.125 2)
(3.25 1.125 2)
(3.375 1.125 2)
(3.5 1.125 2)
(3.625 1.125 2)
(3.75 1.125 2)
(3.875 1.125 2)
(4 1.125 2)
(4.125 1.125 2)
(4.25 1.125 2)
(4.375 1.125 2)
(4.5 1.125 2)
(4.625 1.125 2)
(4.75 1.125 2)
(4.875 1.125 2)
(5 1.125 2)
(5.125 1.125 2)
(5.25 1.125 2)
(5.375 1.125 2)
(5.5 1.125 2)
(5.625 1.125 2)
(5.75 1.125 2)
(5.875 1.125 2)
(6 1.125 2)
(6.125 1.125 2)
(6.25 1.125 2)
(6.375 1.125 2)
(6.5 1.125 2)
(6.625 1.125 2)
(6.75 1.125 2)
(6.875 1.125 2)
(7 1.125 2)
(7.125 1.125 2)
(7.25 1.125 2)
(7.375 1.125 2)
(7.5 1.125 2)
(7.625 1.125 2)
(7.75 1.125 2)
(7.875 1.125 2)
(8 1.125 2)
(8.125 1.125 2)
(8.25 1.125 2)
(8.375 1.125 2)
(8.5 1.125 2)
(8.625 1.125 2)
(8.75 1.125 2)
(8.875 1.125 2)
(9 1.125 2)
(9.125 1.125 2)
(9.25 1.125 2)
(9.375 1.125 2)
(9.5 1.125 2)
(9.625 1.125 2)
(9.75 1.125 2)
(9.875 1.125 2)
(10 1.125 2)
(10.125 1.125 2)
(10.25 1.125 2)
(10.375 1.125 2)
(10.5 1.125 2)
(10.625 1.125 2)
(10.75 1.125 2)
(10.875 1.125 2)
(11 1.125 2)
(11.125 1.125 2)
(11.25 1.125 2)
(11.375 1.125 2)
(11.5 1.125 2)
(11.625 1.125 2)
(11.75 1.125 2)
(11.875 1.125 2)
(12 1.125 2)
(12.125 1.125 2)
(12.25 1.125 2)
(12.375 1.125 2)
(12.5 1.125 2)
(12.625 1.125 2)
(12.75 1.125 2)
(12.875 1.125 2)
(13 1.125 2)
(13.125 1.125 2)
(13.25 1.125 2)
(13.375 1.125 2)
(13.5 1.125 2)
(13.625 1.125 2)
(13.75 1.125 2)
(13.875 1.125 2)
(14 1.125 2)
(14.125 1.125 2)
(14.25 1.125 2)
(14.375 1.125 2)
(14.5 1.125 2)
(14.625 1.125 2)
(14.75 1.125 2)
(14.875 1.125 2)
(15 1.125 2)
(0.125 1.25 2)
(0.25 1.25 2)
(0.375 1.25 2)
(0.5 1.25 2)
(0.625 1.25 2)
(0.75 1.25 2)
(0.875 1.25 2)
(1 1.25 2)
(1.125 1.25 2)
(1.25 1.25 2)
(1.375 1.25 2)
(1.5 1.25 2)
(1.625 1.25 2)
(1.75 1.25 2)
(1.875 1.25 2)
(2 1.25 2)
(2.125 1.25 2)
(2.25 1.25 2)
(2.375 1.25 2)
(2.5 1.25 2)
(2.625 1.25 2)
(2.75 1.25 2)
(2.875 1.25 2)
(3 1.25 2)
(3.125 1.25 2)
(3.25 1.25 2)
(3.375 1.25 2)
(3.5 1.25 2)
(3.625 1.25 2)
(3.75 1.25 2)
(3.875 1.25 2)
(4 1.25 2)
(4.125 1.25 2)
(4.25 1.25 2)
(4.375 1.25 2)
(4.5 1.25 2)
(4.625 1.25 2)
(4.75 1.25 2)
(4.875 1.25 2)
(5 1.25 2)
(5.125 1.25 2)
(5.25 1.25 2)
(5.375 1.25 2)
(5.5 1.25 2)
(5.625 1.25 2)
(5.75 1.25 2)
(5.875 1.25 2)
(6 1.25 2)
(6.125 1.25 2)
(6.25 1.25 2)
(6.375 1.25 2)
(6.5 1.25 2)
(6.625 1.25 2)
(6.75 1.25 2)
(6.875 1.25 2)
(7 1.25 2)
(7.125 1.25 2)
(7.25 1.25 2)
(7.375 1.25 2)
(7.5 1.25 2)
(7.625 1.25 2)
(7.75 1.25 2)
(7.875 1.25 2)
(8 1.25 2)
(8.125 1.25 2)
(8.25 1.25 2)
(8.375 1.25 2)
(8.5 1.25 2)
(8.625 1.25 2)
(8.75 1.25 2)
(8.875 1.25 2)
(9 1.25 2)
(9.125 1.25 2)
(9.25 1.25 2)
(9.375 1.25 2)
(9.5 1.25 2)
(9.625 1.25 2)
(9.75 1.25 2)
(9.875 1.25 2)
(10 1.25 2)
(10.125 1.25 2)
(10.25 1.25 2)
(10.375 1.25 2)
(10.5 1.25 2)
(10.625 1.25 2)
(10.75 1.25 2)
(10.875 1.25 2)
(11 1.25 2)
(11.125 1.25 2)
(11.25 1.25 2)
(11.375 1.25 2)
(11.5 1.25 2)
(11.625 1.25 2)
(11.75 1.25 2)
(11.875 1.25 2)
(12 1.25 2)
(12.125 1.25 2)
(12.25 1.25 2)
(12.375 1.25 2)
(12.5 1.25 2)
(12.625 1.25 2)
(12.75 1.25 2)
(12.875 1.25 2)
(13 1.25 2)
(13.125 1.25 2)
(13.25 1.25 2)
(13.375 1.25 2)
(13.5 1.25 2)
(13.625 1.25 2)
(13.75 1.25 2)
(13.875 1.25 2)
(14 1.25 2)
(14.125 1.25 2)
(14.25 1.25 2)
(14.375 1.25 2)
(14.5 1.25 2)
(14.625 1.25 2)
(14.75 1.25 2)
(14.875 1.25 2)
(15 1.25 2)
(0.125 1.375 2)
(0.25 1.375 2)
(0.375 1.375 2)
(0.5 1.375 2)
(0.625 1.375 2)
(0.75 1.375 2)
(0.875 1.375 2)
(1 1.375 2)
(1.125 1.375 2)
(1.25 1.375 2)
(1.375 1.375 2)
(1.5 1.375 2)
(1.625 1.375 2)
(1.75 1.375 2)
(1.875 1.375 2)
(2 1.375 2)
(2.125 1.375 2)
(2.25 1.375 2)
(2.375 1.375 2)
(2.5 1.375 2)
(2.625 1.375 2)
(2.75 1.375 2)
(2.875 1.375 2)
(3 1.375 2)
(3.125 1.375 2)
(3.25 1.375 2)
(3.375 1.375 2)
(3.5 1.375 2)
(3.625 1.375 2)
(3.75 1.375 2)
(3.875 1.375 2)
(4 1.375 2)
(4.125 1.375 2)
(4.25 1.375 2)
(4.375 1.375 2)
(4.5 1.375 2)
(4.625 1.375 2)
(4.75 1.375 2)
(4.875 1.375 2)
(5 1.375 2)
(5.125 1.375 2)
(5.25 1.375 2)
(5.375 1.375 2)
(5.5 1.375 2)
(5.625 1.375 2)
(5.75 1.375 2)
(5.875 1.375 2)
(6 1.375 2)
(6.125 1.375 2)
(6.25 1.375 2)
(6.375 1.375 2)
(6.5 1.375 2)
(6.625 1.375 2)
(6.75 1.375 2)
(6.875 1.375 2)
(7 1.375 2)
(7.125 1.375 2)
(7.25 1.375 2)
(7.375 1.375 2)
(7.5 1.375 2)
(7.625 1.375 2)
(7.75 1.375 2)
(7.875 1.375 2)
(8 1.375 2)
(8.125 1.375 2)
(8.25 1.375 2)
(8.375 1.375 2)
(8.5 1.375 2)
(8.625 1.375 2)
(8.75 1.375 2)
(8.875 1.375 2)
(9 1.375 2)
(9.125 1.375 2)
(9.25 1.375 2)
(9.375 1.375 2)
(9.5 1.375 2)
(9.625 1.375 2)
(9.75 1.375 2)
(9.875 1.375 2)
(10 1.375 2)
(10.125 1.375 2)
(10.25 1.375 2)
(10.375 1.375 2)
(10.5 1.375 2)
(10.625 1.375 2)
(10.75 1.375 2)
(10.875 1.375 2)
(11 1.375 2)
(11.125 1.375 2)
(11.25 1.375 2)
(11.375 1.375 2)
(11.5 1.375 2)
(11.625 1.375 2)
(11.75 1.375 2)
(11.875 1.375 2)
(12 1.375 2)
(12.125 1.375 2)
(12.25 1.375 2)
(12.375 1.375 2)
(12.5 1.375 2)
(12.625 1.375 2)
(12.75 1.375 2)
(12.875 1.375 2)
(13 1.375 2)
(13.125 1.375 2)
(13.25 1.375 2)
(13.375 1.375 2)
(13.5 1.375 2)
(13.625 1.375 2)
(13.75 1.375 2)
(13.875 1.375 2)
(14 1.375 2)
(14.125 1.375 2)
(14.25 1.375 2)
(14.375 1.375 2)
(14.5 1.375 2)
(14.625 1.375 2)
(14.75 1.375 2)
(14.875 1.375 2)
(15 1.375 2)
(0.125 1.5 2)
(0.25 1.5 2)
(0.375 1.5 2)
(0.5 1.5 2)
(0.625 1.5 2)
(0.75 1.5 2)
(0.875 1.5 2)
(1 1.5 2)
(1.125 1.5 2)
(1.25 1.5 2)
(1.375 1.5 2)
(1.5 1.5 2)
(1.625 1.5 2)
(1.75 1.5 2)
(1.875 1.5 2)
(2 1.5 2)
(2.125 1.5 2)
(2.25 1.5 2)
(2.375 1.5 2)
(2.5 1.5 2)
(2.625 1.5 2)
(2.75 1.5 2)
(2.875 1.5 2)
(3 1.5 2)
(3.125 1.5 2)
(3.25 1.5 2)
(3.375 1.5 2)
(3.5 1.5 2)
(3.625 1.5 2)
(3.75 1.5 2)
(3.875 1.5 2)
(4 1.5 2)
(4.125 1.5 2)
(4.25 1.5 2)
(4.375 1.5 2)
(4.5 1.5 2)
(4.625 1.5 2)
(4.75 1.5 2)
(4.875 1.5 2)
(5 1.5 2)
(5.125 1.5 2)
(5.25 1.5 2)
(5.375 1.5 2)
(5.5 1.5 2)
(5.625 1.5 2)
(5.75 1.5 2)
(5.875 1.5 2)
(6 1.5 2)
(6.125 1.5 2)
(6.25 1.5 2)
(6.375 1.5 2)
(6.5 1.5 2)
(6.625 1.5 2)
(6.75 1.5 2)
(6.875 1.5 2)
(7 1.5 2)
(7.125 1.5 2)
(7.25 1.5 2)
(7.375 1.5 2)
(7.5 1.5 2)
(7.625 1.5 2)
(7.75 1.5 2)
(7.875 1.5 2)
(8 1.5 2)
(8.125 1.5 2)
(8.25 1.5 2)
(8.375 1.5 2)
(8.5 1.5 2)
(8.625 1.5 2)
(8.75 1.5 2)
(8.875 1.5 2)
(9 1.5 2)
(9.125 1.5 2)
(9.25 1.5 2)
(9.375 1.5 2)
(9.5 1.5 2)
(9.625 1.5 2)
(9.75 1.5 2)
(9.875 1.5 2)
(10 1.5 2)
(10.125 1.5 2)
(10.25 1.5 2)
(10.375 1.5 2)
(10.5 1.5 2)
(10.625 1.5 2)
(10.75 1.5 2)
(10.875 1.5 2)
(11 1.5 2)
(11.125 1.5 2)
(11.25 1.5 2)
(11.375 1.5 2)
(11.5 1.5 2)
(11.625 1.5 2)
(11.75 1.5 2)
(11.875 1.5 2)
(12 1.5 2)
(12.125 1.5 2)
(12.25 1.5 2)
(12.375 1.5 2)
(12.5 1.5 2)
(12.625 1.5 2)
(12.75 1.5 2)
(12.875 1.5 2)
(13 1.5 2)
(13.125 1.5 2)
(13.25 1.5 2)
(13.375 1.5 2)
(13.5 1.5 2)
(13.625 1.5 2)
(13.75 1.5 2)
(13.875 1.5 2)
(14 1.5 2)
(14.125 1.5 2)
(14.25 1.5 2)
(14.375 1.5 2)
(14.5 1.5 2)
(14.625 1.5 2)
(14.75 1.5 2)
(14.875 1.5 2)
(15 1.5 2)
(0.125 1.625 2)
(0.25 1.625 2)
(0.375 1.625 2)
(0.5 1.625 2)
(0.625 1.625 2)
(0.75 1.625 2)
(0.875 1.625 2)
(1 1.625 2)
(1.125 1.625 2)
(1.25 1.625 2)
(1.375 1.625 2)
(1.5 1.625 2)
(1.625 1.625 2)
(1.75 1.625 2)
(1.875 1.625 2)
(2 1.625 2)
(2.125 1.625 2)
(2.25 1.625 2)
(2.375 1.625 2)
(2.5 1.625 2)
(2.625 1.625 2)
(2.75 1.625 2)
(2.875 1.625 2)
(3 1.625 2)
(3.125 1.625 2)
(3.25 1.625 2)
(3.375 1.625 2)
(3.5 1.625 2)
(3.625 1.625 2)
(3.75 1.625 2)
(3.875 1.625 2)
(4 1.625 2)
(4.125 1.625 2)
(4.25 1.625 2)
(4.375 1.625 2)
(4.5 1.625 2)
(4.625 1.625 2)
(4.75 1.625 2)
(4.875 1.625 2)
(5 1.625 2)
(5.125 1.625 2)
(5.25 1.625 2)
(5.375 1.625 2)
(5.5 1.625 2)
(5.625 1.625 2)
(5.75 1.625 2)
(5.875 1.625 2)
(6 1.625 2)
(6.125 1.625 2)
(6.25 1.625 2)
(6.375 1.625 2)
(6.5 1.625 2)
(6.625 1.625 2)
(6.75 1.625 2)
(6.875 1.625 2)
(7 1.625 2)
(7.125 1.625 2)
(7.25 1.625 2)
(7.375 1.625 2)
(7.5 1.625 2)
(7.625 1.625 2)
(7.75 1.625 2)
(7.875 1.625 2)
(8 1.625 2)
(8.125 1.625 2)
(8.25 1.625 2)
(8.375 1.625 2)
(8.5 1.625 2)
(8.625 1.625 2)
(8.75 1.625 2)
(8.875 1.625 2)
(9 1.625 2)
(9.125 1.625 2)
(9.25 1.625 2)
(9.375 1.625 2)
(9.5 1.625 2)
(9.625 1.625 2)
(9.75 1.625 2)
(9.875 1.625 2)
(10 1.625 2)
(10.125 1.625 2)
(10.25 1.625 2)
(10.375 1.625 2)
(10.5 1.625 2)
(10.625 1.625 2)
(10.75 1.625 2)
(10.875 1.625 2)
(11 1.625 2)
(11.125 1.625 2)
(11.25 1.625 2)
(11.375 1.625 2)
(11.5 1.625 2)
(11.625 1.625 2)
(11.75 1.625 2)
(11.875 1.625 2)
(12 1.625 2)
(12.125 1.625 2)
(12.25 1.625 2)
(12.375 1.625 2)
(12.5 1.625 2)
(12.625 1.625 2)
(12.75 1.625 2)
(12.875 1.625 2)
(13 1.625 2)
(13.125 1.625 2)
(13.25 1.625 2)
(13.375 1.625 2)
(13.5 1.625 2)
(13.625 1.625 2)
(13.75 1.625 2)
(13.875 1.625 2)
(14 1.625 2)
(14.125 1.625 2)
(14.25 1.625 2)
(14.375 1.625 2)
(14.5 1.625 2)
(14.625 1.625 2)
(14.75 1.625 2)
(14.875 1.625 2)
(15 1.625 2)
(0.125 1.75 2)
(0.25 1.75 2)
(0.375 1.75 2)
(0.5 1.75 2)
(0.625 1.75 2)
(0.75 1.75 2)
(0.875 1.75 2)
(1 1.75 2)
(1.125 1.75 2)
(1.25 1.75 2)
(1.375 1.75 2)
(1.5 1.75 2)
(1.625 1.75 2)
(1.75 1.75 2)
(1.875 1.75 2)
(2 1.75 2)
(2.125 1.75 2)
(2.25 1.75 2)
(2.375 1.75 2)
(2.5 1.75 2)
(2.625 1.75 2)
(2.75 1.75 2)
(2.875 1.75 2)
(3 1.75 2)
(3.125 1.75 2)
(3.25 1.75 2)
(3.375 1.75 2)
(3.5 1.75 2)
(3.625 1.75 2)
(3.75 1.75 2)
(3.875 1.75 2)
(4 1.75 2)
(4.125 1.75 2)
(4.25 1.75 2)
(4.375 1.75 2)
(4.5 1.75 2)
(4.625 1.75 2)
(4.75 1.75 2)
(4.875 1.75 2)
(5 1.75 2)
(5.125 1.75 2)
(5.25 1.75 2)
(5.375 1.75 2)
(5.5 1.75 2)
(5.625 1.75 2)
(5.75 1.75 2)
(5.875 1.75 2)
(6 1.75 2)
(6.125 1.75 2)
(6.25 1.75 2)
(6.375 1.75 2)
(6.5 1.75 2)
(6.625 1.75 2)
(6.75 1.75 2)
(6.875 1.75 2)
(7 1.75 2)
(7.125 1.75 2)
(7.25 1.75 2)
(7.375 1.75 2)
(7.5 1.75 2)
(7.625 1.75 2)
(7.75 1.75 2)
(7.875 1.75 2)
(8 1.75 2)
(8.125 1.75 2)
(8.25 1.75 2)
(8.375 1.75 2)
(8.5 1.75 2)
(8.625 1.75 2)
(8.75 1.75 2)
(8.875 1.75 2)
(9 1.75 2)
(9.125 1.75 2)
(9.25 1.75 2)
(9.375 1.75 2)
(9.5 1.75 2)
(9.625 1.75 2)
(9.75 1.75 2)
(9.875 1.75 2)
(10 1.75 2)
(10.125 1.75 2)
(10.25 1.75 2)
(10.375 1.75 2)
(10.5 1.75 2)
(10.625 1.75 2)
(10.75 1.75 2)
(10.875 1.75 2)
(11 1.75 2)
(11.125 1.75 2)
(11.25 1.75 2)
(11.375 1.75 2)
(11.5 1.75 2)
(11.625 1.75 2)
(11.75 1.75 2)
(11.875 1.75 2)
(12 1.75 2)
(12.125 1.75 2)
(12.25 1.75 2)
(12.375 1.75 2)
(12.5 1.75 2)
(12.625 1.75 2)
(12.75 1.75 2)
(12.875 1.75 2)
(13 1.75 2)
(13.125 1.75 2)
(13.25 1.75 2)
(13.375 1.75 2)
(13.5 1.75 2)
(13.625 1.75 2)
(13.75 1.75 2)
(13.875 1.75 2)
(14 1.75 2)
(14.125 1.75 2)
(14.25 1.75 2)
(14.375 1.75 2)
(14.5 1.75 2)
(14.625 1.75 2)
(14.75 1.75 2)
(14.875 1.75 2)
(15 1.75 2)
(0.125 1.875 2)
(0.25 1.875 2)
(0.375 1.875 2)
(0.5 1.875 2)
(0.625 1.875 2)
(0.75 1.875 2)
(0.875 1.875 2)
(1 1.875 2)
(1.125 1.875 2)
(1.25 1.875 2)
(1.375 1.875 2)
(1.5 1.875 2)
(1.625 1.875 2)
(1.75 1.875 2)
(1.875 1.875 2)
(2 1.875 2)
(2.125 1.875 2)
(2.25 1.875 2)
(2.375 1.875 2)
(2.5 1.875 2)
(2.625 1.875 2)
(2.75 1.875 2)
(2.875 1.875 2)
(3 1.875 2)
(3.125 1.875 2)
(3.25 1.875 2)
(3.375 1.875 2)
(3.5 1.875 2)
(3.625 1.875 2)
(3.75 1.875 2)
(3.875 1.875 2)
(4 1.875 2)
(4.125 1.875 2)
(4.25 1.875 2)
(4.375 1.875 2)
(4.5 1.875 2)
(4.625 1.875 2)
(4.75 1.875 2)
(4.875 1.875 2)
(5 1.875 2)
(5.125 1.875 2)
(5.25 1.875 2)
(5.375 1.875 2)
(5.5 1.875 2)
(5.625 1.875 2)
(5.75 1.875 2)
(5.875 1.875 2)
(6 1.875 2)
(6.125 1.875 2)
(6.25 1.875 2)
(6.375 1.875 2)
(6.5 1.875 2)
(6.625 1.875 2)
(6.75 1.875 2)
(6.875 1.875 2)
(7 1.875 2)
(7.125 1.875 2)
(7.25 1.875 2)
(7.375 1.875 2)
(7.5 1.875 2)
(7.625 1.875 2)
(7.75 1.875 2)
(7.875 1.875 2)
(8 1.875 2)
(8.125 1.875 2)
(8.25 1.875 2)
(8.375 1.875 2)
(8.5 1.875 2)
(8.625 1.875 2)
(8.75 1.875 2)
(8.875 1.875 2)
(9 1.875 2)
(9.125 1.875 2)
(9.25 1.875 2)
(9.375 1.875 2)
(9.5 1.875 2)
(9.625 1.875 2)
(9.75 1.875 2)
(9.875 1.875 2)
(10 1.875 2)
(10.125 1.875 2)
(10.25 1.875 2)
(10.375 1.875 2)
(10.5 1.875 2)
(10.625 1.875 2)
(10.75 1.875 2)
(10.875 1.875 2)
(11 1.875 2)
(11.125 1.875 2)
(11.25 1.875 2)
(11.375 1.875 2)
(11.5 1.875 2)
(11.625 1.875 2)
(11.75 1.875 2)
(11.875 1.875 2)
(12 1.875 2)
(12.125 1.875 2)
(12.25 1.875 2)
(12.375 1.875 2)
(12.5 1.875 2)
(12.625 1.875 2)
(12.75 1.875 2)
(12.875 1.875 2)
(13 1.875 2)
(13.125 1.875 2)
(13.25 1.875 2)
(13.375 1.875 2)
(13.5 1.875 2)
(13.625 1.875 2)
(13.75 1.875 2)
(13.875 1.875 2)
(14 1.875 2)
(14.125 1.875 2)
(14.25 1.875 2)
(14.375 1.875 2)
(14.5 1.875 2)
(14.625 1.875 2)
(14.75 1.875 2)
(14.875 1.875 2)
(15 1.875 2)
(0.125 2 2)
(0.25 2 2)
(0.375 2 2)
(0.5 2 2)
(0.625 2 2)
(0.75 2 2)
(0.875 2 2)
(1 2 2)
(1.125 2 2)
(1.25 2 2)
(1.375 2 2)
(1.5 2 2)
(1.625 2 2)
(1.75 2 2)
(1.875 2 2)
(2 2 2)
(2.125 2 2)
(2.25 2 2)
(2.375 2 2)
(2.5 2 2)
(2.625 2 2)
(2.75 2 2)
(2.875 2 2)
(3 2 2)
(3.125 2 2)
(3.25 2 2)
(3.375 2 2)
(3.5 2 2)
(3.625 2 2)
(3.75 2 2)
(3.875 2 2)
(4 2 2)
(4.125 2 2)
(4.25 2 2)
(4.375 2 2)
(4.5 2 2)
(4.625 2 2)
(4.75 2 2)
(4.875 2 2)
(5 2 2)
(5.125 2 2)
(5.25 2 2)
(5.375 2 2)
(5.5 2 2)
(5.625 2 2)
(5.75 2 2)
(5.875 2 2)
(6 2 2)
(6.125 2 2)
(6.25 2 2)
(6.375 2 2)
(6.5 2 2)
(6.625 2 2)
(6.75 2 2)
(6.875 2 2)
(7 2 2)
(7.125 2 2)
(7.25 2 2)
(7.375 2 2)
(7.5 2 2)
(7.625 2 2)
(7.75 2 2)
(7.875 2 2)
(8 2 2)
(8.125 2 2)
(8.25 2 2)
(8.375 2 2)
(8.5 2 2)
(8.625 2 2)
(8.75 2 2)
(8.875 2 2)
(9 2 2)
(9.125 2 2)
(9.25 2 2)
(9.375 2 2)
(9.5 2 2)
(9.625 2 2)
(9.75 2 2)
(9.875 2 2)
(10 2 2)
(10.125 2 2)
(10.25 2 2)
(10.375 2 2)
(10.5 2 2)
(10.625 2 2)
(10.75 2 2)
(10.875 2 2)
(11 2 2)
(11.125 2 2)
(11.25 2 2)
(11.375 2 2)
(11.5 2 2)
(11.625 2 2)
(11.75 2 2)
(11.875 2 2)
(12 2 2)
(12.125 2 2)
(12.25 2 2)
(12.375 2 2)
(12.5 2 2)
(12.625 2 2)
(12.75 2 2)
(12.875 2 2)
(13 2 2)
(13.125 2 2)
(13.25 2 2)
(13.375 2 2)
(13.5 2 2)
(13.625 2 2)
(13.75 2 2)
(13.875 2 2)
(14 2 2)
(14.125 2 2)
(14.25 2 2)
(14.375 2 2)
(14.5 2 2)
(14.625 2 2)
(14.75 2 2)
(14.875 2 2)
(15 2 2)
(0.125 2.125 2)
(0.25 2.125 2)
(0.375 2.125 2)
(0.5 2.125 2)
(0.625 2.125 2)
(0.75 2.125 2)
(0.875 2.125 2)
(1 2.125 2)
(1.125 2.125 2)
(1.25 2.125 2)
(1.375 2.125 2)
(1.5 2.125 2)
(1.625 2.125 2)
(1.75 2.125 2)
(1.875 2.125 2)
(2 2.125 2)
(2.125 2.125 2)
(2.25 2.125 2)
(2.375 2.125 2)
(2.5 2.125 2)
(2.625 2.125 2)
(2.75 2.125 2)
(2.875 2.125 2)
(3 2.125 2)
(3.125 2.125 2)
(3.25 2.125 2)
(3.375 2.125 2)
(3.5 2.125 2)
(3.625 2.125 2)
(3.75 2.125 2)
(3.875 2.125 2)
(4 2.125 2)
(4.125 2.125 2)
(4.25 2.125 2)
(4.375 2.125 2)
(4.5 2.125 2)
(4.625 2.125 2)
(4.75 2.125 2)
(4.875 2.125 2)
(5 2.125 2)
(5.125 2.125 2)
(5.25 2.125 2)
(5.375 2.125 2)
(5.5 2.125 2)
(5.625 2.125 2)
(5.75 2.125 2)
(5.875 2.125 2)
(6 2.125 2)
(6.125 2.125 2)
(6.25 2.125 2)
(6.375 2.125 2)
(6.5 2.125 2)
(6.625 2.125 2)
(6.75 2.125 2)
(6.875 2.125 2)
(7 2.125 2)
(7.125 2.125 2)
(7.25 2.125 2)
(7.375 2.125 2)
(7.5 2.125 2)
(7.625 2.125 2)
(7.75 2.125 2)
(7.875 2.125 2)
(8 2.125 2)
(8.125 2.125 2)
(8.25 2.125 2)
(8.375 2.125 2)
(8.5 2.125 2)
(8.625 2.125 2)
(8.75 2.125 2)
(8.875 2.125 2)
(9 2.125 2)
(9.125 2.125 2)
(9.25 2.125 2)
(9.375 2.125 2)
(9.5 2.125 2)
(9.625 2.125 2)
(9.75 2.125 2)
(9.875 2.125 2)
(10 2.125 2)
(10.125 2.125 2)
(10.25 2.125 2)
(10.375 2.125 2)
(10.5 2.125 2)
(10.625 2.125 2)
(10.75 2.125 2)
(10.875 2.125 2)
(11 2.125 2)
(11.125 2.125 2)
(11.25 2.125 2)
(11.375 2.125 2)
(11.5 2.125 2)
(11.625 2.125 2)
(11.75 2.125 2)
(11.875 2.125 2)
(12 2.125 2)
(12.125 2.125 2)
(12.25 2.125 2)
(12.375 2.125 2)
(12.5 2.125 2)
(12.625 2.125 2)
(12.75 2.125 2)
(12.875 2.125 2)
(13 2.125 2)
(13.125 2.125 2)
(13.25 2.125 2)
(13.375 2.125 2)
(13.5 2.125 2)
(13.625 2.125 2)
(13.75 2.125 2)
(13.875 2.125 2)
(14 2.125 2)
(14.125 2.125 2)
(14.25 2.125 2)
(14.375 2.125 2)
(14.5 2.125 2)
(14.625 2.125 2)
(14.75 2.125 2)
(14.875 2.125 2)
(15 2.125 2)
(0.125 2.25 2)
(0.25 2.25 2)
(0.375 2.25 2)
(0.5 2.25 2)
(0.625 2.25 2)
(0.75 2.25 2)
(0.875 2.25 2)
(1 2.25 2)
(1.125 2.25 2)
(1.25 2.25 2)
(1.375 2.25 2)
(1.5 2.25 2)
(1.625 2.25 2)
(1.75 2.25 2)
(1.875 2.25 2)
(2 2.25 2)
(2.125 2.25 2)
(2.25 2.25 2)
(2.375 2.25 2)
(2.5 2.25 2)
(2.625 2.25 2)
(2.75 2.25 2)
(2.875 2.25 2)
(3 2.25 2)
(3.125 2.25 2)
(3.25 2.25 2)
(3.375 2.25 2)
(3.5 2.25 2)
(3.625 2.25 2)
(3.75 2.25 2)
(3.875 2.25 2)
(4 2.25 2)
(4.125 2.25 2)
(4.25 2.25 2)
(4.375 2.25 2)
(4.5 2.25 2)
(4.625 2.25 2)
(4.75 2.25 2)
(4.875 2.25 2)
(5 2.25 2)
(5.125 2.25 2)
(5.25 2.25 2)
(5.375 2.25 2)
(5.5 2.25 2)
(5.625 2.25 2)
(5.75 2.25 2)
(5.875 2.25 2)
(6 2.25 2)
(6.125 2.25 2)
(6.25 2.25 2)
(6.375 2.25 2)
(6.5 2.25 2)
(6.625 2.25 2)
(6.75 2.25 2)
(6.875 2.25 2)
(7 2.25 2)
(7.125 2.25 2)
(7.25 2.25 2)
(7.375 2.25 2)
(7.5 2.25 2)
(7.625 2.25 2)
(7.75 2.25 2)
(7.875 2.25 2)
(8 2.25 2)
(8.125 2.25 2)
(8.25 2.25 2)
(8.375 2.25 2)
(8.5 2.25 2)
(8.625 2.25 2)
(8.75 2.25 2)
(8.875 2.25 2)
(9 2.25 2)
(9.125 2.25 2)
(9.25 2.25 2)
(9.375 2.25 2)
(9.5 2.25 2)
(9.625 2.25 2)
(9.75 2.25 2)
(9.875 2.25 2)
(10 2.25 2)
(10.125 2.25 2)
(10.25 2.25 2)
(10.375 2.25 2)
(10.5 2.25 2)
(10.625 2.25 2)
(10.75 2.25 2)
(10.875 2.25 2)
(11 2.25 2)
(11.125 2.25 2)
(11.25 2.25 2)
(11.375 2.25 2)
(11.5 2.25 2)
(11.625 2.25 2)
(11.75 2.25 2)
(11.875 2.25 2)
(12 2.25 2)
(12.125 2.25 2)
(12.25 2.25 2)
(12.375 2.25 2)
(12.5 2.25 2)
(12.625 2.25 2)
(12.75 2.25 2)
(12.875 2.25 2)
(13 2.25 2)
(13.125 2.25 2)
(13.25 2.25 2)
(13.375 2.25 2)
(13.5 2.25 2)
(13.625 2.25 2)
(13.75 2.25 2)
(13.875 2.25 2)
(14 2.25 2)
(14.125 2.25 2)
(14.25 2.25 2)
(14.375 2.25 2)
(14.5 2.25 2)
(14.625 2.25 2)
(14.75 2.25 2)
(14.875 2.25 2)
(15 2.25 2)
(0.125 2.375 2)
(0.25 2.375 2)
(0.375 2.375 2)
(0.5 2.375 2)
(0.625 2.375 2)
(0.75 2.375 2)
(0.875 2.375 2)
(1 2.375 2)
(1.125 2.375 2)
(1.25 2.375 2)
(1.375 2.375 2)
(1.5 2.375 2)
(1.625 2.375 2)
(1.75 2.375 2)
(1.875 2.375 2)
(2 2.375 2)
(2.125 2.375 2)
(2.25 2.375 2)
(2.375 2.375 2)
(2.5 2.375 2)
(2.625 2.375 2)
(2.75 2.375 2)
(2.875 2.375 2)
(3 2.375 2)
(3.125 2.375 2)
(3.25 2.375 2)
(3.375 2.375 2)
(3.5 2.375 2)
(3.625 2.375 2)
(3.75 2.375 2)
(3.875 2.375 2)
(4 2.375 2)
(4.125 2.375 2)
(4.25 2.375 2)
(4.375 2.375 2)
(4.5 2.375 2)
(4.625 2.375 2)
(4.75 2.375 2)
(4.875 2.375 2)
(5 2.375 2)
(5.125 2.375 2)
(5.25 2.375 2)
(5.375 2.375 2)
(5.5 2.375 2)
(5.625 2.375 2)
(5.75 2.375 2)
(5.875 2.375 2)
(6 2.375 2)
(6.125 2.375 2)
(6.25 2.375 2)
(6.375 2.375 2)
(6.5 2.375 2)
(6.625 2.375 2)
(6.75 2.375 2)
(6.875 2.375 2)
(7 2.375 2)
(7.125 2.375 2)
(7.25 2.375 2)
(7.375 2.375 2)
(7.5 2.375 2)
(7.625 2.375 2)
(7.75 2.375 2)
(7.875 2.375 2)
(8 2.375 2)
(8.125 2.375 2)
(8.25 2.375 2)
(8.375 2.375 2)
(8.5 2.375 2)
(8.625 2.375 2)
(8.75 2.375 2)
(8.875 2.375 2)
(9 2.375 2)
(9.125 2.375 2)
(9.25 2.375 2)
(9.375 2.375 2)
(9.5 2.375 2)
(9.625 2.375 2)
(9.75 2.375 2)
(9.875 2.375 2)
(10 2.375 2)
(10.125 2.375 2)
(10.25 2.375 2)
(10.375 2.375 2)
(10.5 2.375 2)
(10.625 2.375 2)
(10.75 2.375 2)
(10.875 2.375 2)
(11 2.375 2)
(11.125 2.375 2)
(11.25 2.375 2)
(11.375 2.375 2)
(11.5 2.375 2)
(11.625 2.375 2)
(11.75 2.375 2)
(11.875 2.375 2)
(12 2.375 2)
(12.125 2.375 2)
(12.25 2.375 2)
(12.375 2.375 2)
(12.5 2.375 2)
(12.625 2.375 2)
(12.75 2.375 2)
(12.875 2.375 2)
(13 2.375 2)
(13.125 2.375 2)
(13.25 2.375 2)
(13.375 2.375 2)
(13.5 2.375 2)
(13.625 2.375 2)
(13.75 2.375 2)
(13.875 2.375 2)
(14 2.375 2)
(14.125 2.375 2)
(14.25 2.375 2)
(14.375 2.375 2)
(14.5 2.375 2)
(14.625 2.375 2)
(14.75 2.375 2)
(14.875 2.375 2)
(15 2.375 2)
(0.125 2.5 2)
(0.25 2.5 2)
(0.375 2.5 2)
(0.5 2.5 2)
(0.625 2.5 2)
(0.75 2.5 2)
(0.875 2.5 2)
(1 2.5 2)
(1.125 2.5 2)
(1.25 2.5 2)
(1.375 2.5 2)
(1.5 2.5 2)
(1.625 2.5 2)
(1.75 2.5 2)
(1.875 2.5 2)
(2 2.5 2)
(2.125 2.5 2)
(2.25 2.5 2)
(2.375 2.5 2)
(2.5 2.5 2)
(2.625 2.5 2)
(2.75 2.5 2)
(2.875 2.5 2)
(3 2.5 2)
(3.125 2.5 2)
(3.25 2.5 2)
(3.375 2.5 2)
(3.5 2.5 2)
(3.625 2.5 2)
(3.75 2.5 2)
(3.875 2.5 2)
(4 2.5 2)
(4.125 2.5 2)
(4.25 2.5 2)
(4.375 2.5 2)
(4.5 2.5 2)
(4.625 2.5 2)
(4.75 2.5 2)
(4.875 2.5 2)
(5 2.5 2)
(5.125 2.5 2)
(5.25 2.5 2)
(5.375 2.5 2)
(5.5 2.5 2)
(5.625 2.5 2)
(5.75 2.5 2)
(5.875 2.5 2)
(6 2.5 2)
(6.125 2.5 2)
(6.25 2.5 2)
(6.375 2.5 2)
(6.5 2.5 2)
(6.625 2.5 2)
(6.75 2.5 2)
(6.875 2.5 2)
(7 2.5 2)
(7.125 2.5 2)
(7.25 2.5 2)
(7.375 2.5 2)
(7.5 2.5 2)
(7.625 2.5 2)
(7.75 2.5 2)
(7.875 2.5 2)
(8 2.5 2)
(8.125 2.5 2)
(8.25 2.5 2)
(8.375 2.5 2)
(8.5 2.5 2)
(8.625 2.5 2)
(8.75 2.5 2)
(8.875 2.5 2)
(9 2.5 2)
(9.125 2.5 2)
(9.25 2.5 2)
(9.375 2.5 2)
(9.5 2.5 2)
(9.625 2.5 2)
(9.75 2.5 2)
(9.875 2.5 2)
(10 2.5 2)
(10.125 2.5 2)
(10.25 2.5 2)
(10.375 2.5 2)
(10.5 2.5 2)
(10.625 2.5 2)
(10.75 2.5 2)
(10.875 2.5 2)
(11 2.5 2)
(11.125 2.5 2)
(11.25 2.5 2)
(11.375 2.5 2)
(11.5 2.5 2)
(11.625 2.5 2)
(11.75 2.5 2)
(11.875 2.5 2)
(12 2.5 2)
(12.125 2.5 2)
(12.25 2.5 2)
(12.375 2.5 2)
(12.5 2.5 2)
(12.625 2.5 2)
(12.75 2.5 2)
(12.875 2.5 2)
(13 2.5 2)
(13.125 2.5 2)
(13.25 2.5 2)
(13.375 2.5 2)
(13.5 2.5 2)
(13.625 2.5 2)
(13.75 2.5 2)
(13.875 2.5 2)
(14 2.5 2)
(14.125 2.5 2)
(14.25 2.5 2)
(14.375 2.5 2)
(14.5 2.5 2)
(14.625 2.5 2)
(14.75 2.5 2)
(14.875 2.5 2)
(15 2.5 2)
(0.125 2.625 2)
(0.25 2.625 2)
(0.375 2.625 2)
(0.5 2.625 2)
(0.625 2.625 2)
(0.75 2.625 2)
(0.875 2.625 2)
(1 2.625 2)
(1.125 2.625 2)
(1.25 2.625 2)
(1.375 2.625 2)
(1.5 2.625 2)
(1.625 2.625 2)
(1.75 2.625 2)
(1.875 2.625 2)
(2 2.625 2)
(2.125 2.625 2)
(2.25 2.625 2)
(2.375 2.625 2)
(2.5 2.625 2)
(2.625 2.625 2)
(2.75 2.625 2)
(2.875 2.625 2)
(3 2.625 2)
(3.125 2.625 2)
(3.25 2.625 2)
(3.375 2.625 2)
(3.5 2.625 2)
(3.625 2.625 2)
(3.75 2.625 2)
(3.875 2.625 2)
(4 2.625 2)
(4.125 2.625 2)
(4.25 2.625 2)
(4.375 2.625 2)
(4.5 2.625 2)
(4.625 2.625 2)
(4.75 2.625 2)
(4.875 2.625 2)
(5 2.625 2)
(5.125 2.625 2)
(5.25 2.625 2)
(5.375 2.625 2)
(5.5 2.625 2)
(5.625 2.625 2)
(5.75 2.625 2)
(5.875 2.625 2)
(6 2.625 2)
(6.125 2.625 2)
(6.25 2.625 2)
(6.375 2.625 2)
(6.5 2.625 2)
(6.625 2.625 2)
(6.75 2.625 2)
(6.875 2.625 2)
(7 2.625 2)
(7.125 2.625 2)
(7.25 2.625 2)
(7.375 2.625 2)
(7.5 2.625 2)
(7.625 2.625 2)
(7.75 2.625 2)
(7.875 2.625 2)
(8 2.625 2)
(8.125 2.625 2)
(8.25 2.625 2)
(8.375 2.625 2)
(8.5 2.625 2)
(8.625 2.625 2)
(8.75 2.625 2)
(8.875 2.625 2)
(9 2.625 2)
(9.125 2.625 2)
(9.25 2.625 2)
(9.375 2.625 2)
(9.5 2.625 2)
(9.625 2.625 2)
(9.75 2.625 2)
(9.875 2.625 2)
(10 2.625 2)
(10.125 2.625 2)
(10.25 2.625 2)
(10.375 2.625 2)
(10.5 2.625 2)
(10.625 2.625 2)
(10.75 2.625 2)
(10.875 2.625 2)
(11 2.625 2)
(11.125 2.625 2)
(11.25 2.625 2)
(11.375 2.625 2)
(11.5 2.625 2)
(11.625 2.625 2)
(11.75 2.625 2)
(11.875 2.625 2)
(12 2.625 2)
(12.125 2.625 2)
(12.25 2.625 2)
(12.375 2.625 2)
(12.5 2.625 2)
(12.625 2.625 2)
(12.75 2.625 2)
(12.875 2.625 2)
(13 2.625 2)
(13.125 2.625 2)
(13.25 2.625 2)
(13.375 2.625 2)
(13.5 2.625 2)
(13.625 2.625 2)
(13.75 2.625 2)
(13.875 2.625 2)
(14 2.625 2)
(14.125 2.625 2)
(14.25 2.625 2)
(14.375 2.625 2)
(14.5 2.625 2)
(14.625 2.625 2)
(14.75 2.625 2)
(14.875 2.625 2)
(15 2.625 2)
(0.125 2.75 2)
(0.25 2.75 2)
(0.375 2.75 2)
(0.5 2.75 2)
(0.625 2.75 2)
(0.75 2.75 2)
(0.875 2.75 2)
(1 2.75 2)
(1.125 2.75 2)
(1.25 2.75 2)
(1.375 2.75 2)
(1.5 2.75 2)
(1.625 2.75 2)
(1.75 2.75 2)
(1.875 2.75 2)
(2 2.75 2)
(2.125 2.75 2)
(2.25 2.75 2)
(2.375 2.75 2)
(2.5 2.75 2)
(2.625 2.75 2)
(2.75 2.75 2)
(2.875 2.75 2)
(3 2.75 2)
(3.125 2.75 2)
(3.25 2.75 2)
(3.375 2.75 2)
(3.5 2.75 2)
(3.625 2.75 2)
(3.75 2.75 2)
(3.875 2.75 2)
(4 2.75 2)
(4.125 2.75 2)
(4.25 2.75 2)
(4.375 2.75 2)
(4.5 2.75 2)
(4.625 2.75 2)
(4.75 2.75 2)
(4.875 2.75 2)
(5 2.75 2)
(5.125 2.75 2)
(5.25 2.75 2)
(5.375 2.75 2)
(5.5 2.75 2)
(5.625 2.75 2)
(5.75 2.75 2)
(5.875 2.75 2)
(6 2.75 2)
(6.125 2.75 2)
(6.25 2.75 2)
(6.375 2.75 2)
(6.5 2.75 2)
(6.625 2.75 2)
(6.75 2.75 2)
(6.875 2.75 2)
(7 2.75 2)
(7.125 2.75 2)
(7.25 2.75 2)
(7.375 2.75 2)
(7.5 2.75 2)
(7.625 2.75 2)
(7.75 2.75 2)
(7.875 2.75 2)
(8 2.75 2)
(8.125 2.75 2)
(8.25 2.75 2)
(8.375 2.75 2)
(8.5 2.75 2)
(8.625 2.75 2)
(8.75 2.75 2)
(8.875 2.75 2)
(9 2.75 2)
(9.125 2.75 2)
(9.25 2.75 2)
(9.375 2.75 2)
(9.5 2.75 2)
(9.625 2.75 2)
(9.75 2.75 2)
(9.875 2.75 2)
(10 2.75 2)
(10.125 2.75 2)
(10.25 2.75 2)
(10.375 2.75 2)
(10.5 2.75 2)
(10.625 2.75 2)
(10.75 2.75 2)
(10.875 2.75 2)
(11 2.75 2)
(11.125 2.75 2)
(11.25 2.75 2)
(11.375 2.75 2)
(11.5 2.75 2)
(11.625 2.75 2)
(11.75 2.75 2)
(11.875 2.75 2)
(12 2.75 2)
(12.125 2.75 2)
(12.25 2.75 2)
(12.375 2.75 2)
(12.5 2.75 2)
(12.625 2.75 2)
(12.75 2.75 2)
(12.875 2.75 2)
(13 2.75 2)
(13.125 2.75 2)
(13.25 2.75 2)
(13.375 2.75 2)
(13.5 2.75 2)
(13.625 2.75 2)
(13.75 2.75 2)
(13.875 2.75 2)
(14 2.75 2)
(14.125 2.75 2)
(14.25 2.75 2)
(14.375 2.75 2)
(14.5 2.75 2)
(14.625 2.75 2)
(14.75 2.75 2)
(14.875 2.75 2)
(15 2.75 2)
(0.125 2.875 2)
(0.25 2.875 2)
(0.375 2.875 2)
(0.5 2.875 2)
(0.625 2.875 2)
(0.75 2.875 2)
(0.875 2.875 2)
(1 2.875 2)
(1.125 2.875 2)
(1.25 2.875 2)
(1.375 2.875 2)
(1.5 2.875 2)
(1.625 2.875 2)
(1.75 2.875 2)
(1.875 2.875 2)
(2 2.875 2)
(2.125 2.875 2)
(2.25 2.875 2)
(2.375 2.875 2)
(2.5 2.875 2)
(2.625 2.875 2)
(2.75 2.875 2)
(2.875 2.875 2)
(3 2.875 2)
(3.125 2.875 2)
(3.25 2.875 2)
(3.375 2.875 2)
(3.5 2.875 2)
(3.625 2.875 2)
(3.75 2.875 2)
(3.875 2.875 2)
(4 2.875 2)
(4.125 2.875 2)
(4.25 2.875 2)
(4.375 2.875 2)
(4.5 2.875 2)
(4.625 2.875 2)
(4.75 2.875 2)
(4.875 2.875 2)
(5 2.875 2)
(5.125 2.875 2)
(5.25 2.875 2)
(5.375 2.875 2)
(5.5 2.875 2)
(5.625 2.875 2)
(5.75 2.875 2)
(5.875 2.875 2)
(6 2.875 2)
(6.125 2.875 2)
(6.25 2.875 2)
(6.375 2.875 2)
(6.5 2.875 2)
(6.625 2.875 2)
(6.75 2.875 2)
(6.875 2.875 2)
(7 2.875 2)
(7.125 2.875 2)
(7.25 2.875 2)
(7.375 2.875 2)
(7.5 2.875 2)
(7.625 2.875 2)
(7.75 2.875 2)
(7.875 2.875 2)
(8 2.875 2)
(8.125 2.875 2)
(8.25 2.875 2)
(8.375 2.875 2)
(8.5 2.875 2)
(8.625 2.875 2)
(8.75 2.875 2)
(8.875 2.875 2)
(9 2.875 2)
(9.125 2.875 2)
(9.25 2.875 2)
(9.375 2.875 2)
(9.5 2.875 2)
(9.625 2.875 2)
(9.75 2.875 2)
(9.875 2.875 2)
(10 2.875 2)
(10.125 2.875 2)
(10.25 2.875 2)
(10.375 2.875 2)
(10.5 2.875 2)
(10.625 2.875 2)
(10.75 2.875 2)
(10.875 2.875 2)
(11 2.875 2)
(11.125 2.875 2)
(11.25 2.875 2)
(11.375 2.875 2)
(11.5 2.875 2)
(11.625 2.875 2)
(11.75 2.875 2)
(11.875 2.875 2)
(12 2.875 2)
(12.125 2.875 2)
(12.25 2.875 2)
(12.375 2.875 2)
(12.5 2.875 2)
(12.625 2.875 2)
(12.75 2.875 2)
(12.875 2.875 2)
(13 2.875 2)
(13.125 2.875 2)
(13.25 2.875 2)
(13.375 2.875 2)
(13.5 2.875 2)
(13.625 2.875 2)
(13.75 2.875 2)
(13.875 2.875 2)
(14 2.875 2)
(14.125 2.875 2)
(14.25 2.875 2)
(14.375 2.875 2)
(14.5 2.875 2)
(14.625 2.875 2)
(14.75 2.875 2)
(14.875 2.875 2)
(15 2.875 2)
(0.125 3 2)
(0.25 3 2)
(0.375 3 2)
(0.5 3 2)
(0.625 3 2)
(0.75 3 2)
(0.875 3 2)
(1 3 2)
(1.125 3 2)
(1.25 3 2)
(1.375 3 2)
(1.5 3 2)
(1.625 3 2)
(1.75 3 2)
(1.875 3 2)
(2 3 2)
(2.125 3 2)
(2.25 3 2)
(2.375 3 2)
(2.5 3 2)
(2.625 3 2)
(2.75 3 2)
(2.875 3 2)
(3 3 2)
(3.125 3 2)
(3.25 3 2)
(3.375 3 2)
(3.5 3 2)
(3.625 3 2)
(3.75 3 2)
(3.875 3 2)
(4 3 2)
(4.125 3 2)
(4.25 3 2)
(4.375 3 2)
(4.5 3 2)
(4.625 3 2)
(4.75 3 2)
(4.875 3 2)
(5 3 2)
(5.125 3 2)
(5.25 3 2)
(5.375 3 2)
(5.5 3 2)
(5.625 3 2)
(5.75 3 2)
(5.875 3 2)
(6 3 2)
(6.125 3 2)
(6.25 3 2)
(6.375 3 2)
(6.5 3 2)
(6.625 3 2)
(6.75 3 2)
(6.875 3 2)
(7 3 2)
(7.125 3 2)
(7.25 3 2)
(7.375 3 2)
(7.5 3 2)
(7.625 3 2)
(7.75 3 2)
(7.875 3 2)
(8 3 2)
(8.125 3 2)
(8.25 3 2)
(8.375 3 2)
(8.5 3 2)
(8.625 3 2)
(8.75 3 2)
(8.875 3 2)
(9 3 2)
(9.125 3 2)
(9.25 3 2)
(9.375 3 2)
(9.5 3 2)
(9.625 3 2)
(9.75 3 2)
(9.875 3 2)
(10 3 2)
(10.125 3 2)
(10.25 3 2)
(10.375 3 2)
(10.5 3 2)
(10.625 3 2)
(10.75 3 2)
(10.875 3 2)
(11 3 2)
(11.125 3 2)
(11.25 3 2)
(11.375 3 2)
(11.5 3 2)
(11.625 3 2)
(11.75 3 2)
(11.875 3 2)
(12 3 2)
(12.125 3 2)
(12.25 3 2)
(12.375 3 2)
(12.5 3 2)
(12.625 3 2)
(12.75 3 2)
(12.875 3 2)
(13 3 2)
(13.125 3 2)
(13.25 3 2)
(13.375 3 2)
(13.5 3 2)
(13.625 3 2)
(13.75 3 2)
(13.875 3 2)
(14 3 2)
(14.125 3 2)
(14.25 3 2)
(14.375 3 2)
(14.5 3 2)
(14.625 3 2)
(14.75 3 2)
(14.875 3 2)
(15 3 2)
)


// ************************************************************************* //
