(2.44E-02 1.02E+00 1.00E+00)
(2.44E-02 1.04E+00 1.00E+00)
(2.44E-02 1.06E+00 1.00E+00)
(2.44E-02 1.09E+00 1.00E+00)
(2.44E-02 1.11E+00 1.00E+00)
(2.44E-02 1.14E+00 1.00E+00)
(2.44E-02 1.16E+00 1.00E+00)
(2.44E-02 1.19E+00 1.00E+00)
(2.44E-02 1.21E+00 1.00E+00)
(2.44E-02 1.23E+00 1.00E+00)
(2.44E-02 1.26E+00 1.00E+00)
(2.44E-02 1.28E+00 1.00E+00)
(2.44E-02 1.31E+00 1.00E+00)
(2.44E-02 1.33E+00 1.00E+00)
(2.44E-02 1.36E+00 1.00E+00)
(2.44E-02 1.38E+00 1.00E+00)
(2.44E-02 1.41E+00 1.00E+00)
(2.44E-02 1.43E+00 1.00E+00)
(2.44E-02 1.45E+00 1.00E+00)
(2.44E-02 1.48E+00 1.00E+00)
(2.44E-02 1.50E+00 1.00E+00)
(2.44E-02 1.53E+00 1.00E+00)
(2.44E-02 1.55E+00 1.00E+00)
(2.44E-02 1.58E+00 1.00E+00)
(2.44E-02 1.60E+00 1.00E+00)
(2.44E-02 1.63E+00 1.00E+00)
(2.44E-02 1.65E+00 1.00E+00)
(2.44E-02 1.67E+00 1.00E+00)
(2.44E-02 1.70E+00 1.00E+00)
(2.44E-02 1.72E+00 1.00E+00)
(2.44E-02 1.75E+00 1.00E+00)
(2.44E-02 1.77E+00 1.00E+00)
(2.44E-02 1.80E+00 1.00E+00)
(2.44E-02 1.82E+00 1.00E+00)
(2.44E-02 1.85E+00 1.00E+00)
(2.44E-02 1.87E+00 1.00E+00)
(2.44E-02 1.89E+00 1.00E+00)
(2.44E-02 1.92E+00 1.00E+00)
(2.44E-02 1.94E+00 1.00E+00)
(2.44E-02 1.97E+00 1.00E+00)
(2.44E-02 1.99E+00 1.00E+00)
(2.44E-02 2.02E+00 1.00E+00)
(2.44E-02 2.04E+00 1.00E+00)
(2.44E-02 2.07E+00 1.00E+00)
(2.44E-02 2.09E+00 1.00E+00)
(2.44E-02 2.12E+00 1.00E+00)
(2.44E-02 2.14E+00 1.00E+00)
(2.44E-02 2.16E+00 1.00E+00)
(2.44E-02 2.19E+00 1.00E+00)
(2.44E-02 2.21E+00 1.00E+00)
(2.44E-02 2.24E+00 1.00E+00)
(2.44E-02 2.26E+00 1.00E+00)
(2.44E-02 2.29E+00 1.00E+00)
(2.44E-02 2.31E+00 1.00E+00)
(2.44E-02 2.34E+00 1.00E+00)
(2.44E-02 2.36E+00 1.00E+00)
(2.44E-02 2.38E+00 1.00E+00)
(2.44E-02 2.41E+00 1.00E+00)
(2.44E-02 2.43E+00 1.00E+00)
(2.44E-02 2.46E+00 1.00E+00)
(2.44E-02 2.48E+00 1.00E+00)
(2.44E-02 2.51E+00 1.00E+00)
(2.44E-02 2.53E+00 1.00E+00)
(2.44E-02 2.55E+00 1.00E+00)
(2.44E-02 2.58E+00 1.00E+00)
(2.44E-02 2.60E+00 1.00E+00)
(2.44E-02 2.63E+00 1.00E+00)
(2.44E-02 2.65E+00 1.00E+00)
(2.44E-02 2.68E+00 1.00E+00)
(2.44E-02 2.70E+00 1.00E+00)
(2.44E-02 2.73E+00 1.00E+00)
(2.44E-02 2.75E+00 1.00E+00)
(2.44E-02 2.78E+00 1.00E+00)
(2.44E-02 2.80E+00 1.00E+00)
(2.44E-02 2.82E+00 1.00E+00)
(2.44E-02 2.85E+00 1.00E+00)
(2.44E-02 2.87E+00 1.00E+00)
(2.44E-02 2.90E+00 1.00E+00)
(2.44E-02 2.92E+00 1.00E+00)
(2.44E-02 2.95E+00 1.00E+00)
(2.44E-02 2.96E+00 1.00E+00)
(1.00E+00 1.70E-02 1.00E+00)
(1.00E+00 4.13E-02 1.00E+00)
(1.00E+00 6.09E-02 1.00E+00)
(1.00E+00 8.49E-02 1.00E+00)
(1.00E+00 1.12E-01 1.00E+00)
(1.00E+00 1.34E-01 1.00E+00)
(1.00E+00 1.60E-01 1.00E+00)
(1.00E+00 1.83E-01 1.00E+00)
(1.00E+00 2.07E-01 1.00E+00)
(1.00E+00 2.33E-01 1.00E+00)
(1.00E+00 2.56E-01 1.00E+00)
(1.00E+00 2.81E-01 1.00E+00)
(1.00E+00 3.05E-01 1.00E+00)
(1.00E+00 3.31E-01 1.00E+00)
(1.00E+00 3.55E-01 1.00E+00)
(1.00E+00 3.78E-01 1.00E+00)
(1.00E+00 4.04E-01 1.00E+00)
(1.00E+00 4.29E-01 1.00E+00)
(1.00E+00 4.52E-01 1.00E+00)
(1.00E+00 4.76E-01 1.00E+00)
(1.00E+00 5.02E-01 1.00E+00)
(1.00E+00 5.25E-01 1.00E+00)
(1.00E+00 5.50E-01 1.00E+00)
(1.00E+00 5.75E-01 1.00E+00)
(1.00E+00 5.99E-01 1.00E+00)
(1.00E+00 6.23E-01 1.00E+00)
(1.00E+00 6.48E-01 1.00E+00)
(1.00E+00 6.73E-01 1.00E+00)
(1.00E+00 6.97E-01 1.00E+00)
(1.00E+00 7.21E-01 1.00E+00)
(1.00E+00 7.46E-01 1.00E+00)
(1.00E+00 7.70E-01 1.00E+00)
(1.00E+00 7.95E-01 1.00E+00)
(1.00E+00 8.19E-01 1.00E+00)
(1.00E+00 8.44E-01 1.00E+00)
(1.00E+00 8.68E-01 1.00E+00)
(1.00E+00 8.92E-01 1.00E+00)
(1.00E+00 9.17E-01 1.00E+00)
(1.00E+00 9.42E-01 1.00E+00)
(1.00E+00 9.66E-01 1.00E+00)
(1.00E+00 9.91E-01 1.00E+00)
(1.00E+00 1.01E+00 1.00E+00)
(1.00E+00 1.04E+00 1.00E+00)
(1.00E+00 1.06E+00 1.00E+00)
(1.00E+00 1.09E+00 1.00E+00)
(1.00E+00 1.11E+00 1.00E+00)
(1.00E+00 1.14E+00 1.00E+00)
(1.00E+00 1.16E+00 1.00E+00)
(1.00E+00 1.19E+00 1.00E+00)
(1.00E+00 1.21E+00 1.00E+00)
(1.00E+00 1.24E+00 1.00E+00)
(1.00E+00 1.26E+00 1.00E+00)
(1.00E+00 1.28E+00 1.00E+00)
(1.00E+00 1.31E+00 1.00E+00)
(1.00E+00 1.33E+00 1.00E+00)
(1.00E+00 1.36E+00 1.00E+00)
(1.00E+00 1.38E+00 1.00E+00)
(1.00E+00 1.41E+00 1.00E+00)
(1.00E+00 1.43E+00 1.00E+00)
(1.00E+00 1.45E+00 1.00E+00)
(1.00E+00 1.48E+00 1.00E+00)
(1.00E+00 1.50E+00 1.00E+00)
(1.00E+00 1.53E+00 1.00E+00)
(1.00E+00 1.55E+00 1.00E+00)
(1.00E+00 1.58E+00 1.00E+00)
(1.00E+00 1.60E+00 1.00E+00)
(1.00E+00 1.63E+00 1.00E+00)
(1.00E+00 1.65E+00 1.00E+00)
(1.00E+00 1.67E+00 1.00E+00)
(1.00E+00 1.70E+00 1.00E+00)
(1.00E+00 1.72E+00 1.00E+00)
(1.00E+00 1.75E+00 1.00E+00)
(1.00E+00 1.77E+00 1.00E+00)
(1.00E+00 1.80E+00 1.00E+00)
(1.00E+00 1.82E+00 1.00E+00)
(1.00E+00 1.85E+00 1.00E+00)
(1.00E+00 1.87E+00 1.00E+00)
(1.00E+00 1.89E+00 1.00E+00)
(1.00E+00 1.92E+00 1.00E+00)
(1.00E+00 1.94E+00 1.00E+00)
(1.00E+00 1.97E+00 1.00E+00)
(1.00E+00 1.99E+00 1.00E+00)
(1.00E+00 2.02E+00 1.00E+00)
(1.00E+00 2.04E+00 1.00E+00)
(1.00E+00 2.07E+00 1.00E+00)
(1.00E+00 2.09E+00 1.00E+00)
(1.00E+00 2.11E+00 1.00E+00)
(1.00E+00 2.14E+00 1.00E+00)
(1.00E+00 2.16E+00 1.00E+00)
(1.00E+00 2.19E+00 1.00E+00)
(1.00E+00 2.21E+00 1.00E+00)
(1.00E+00 2.24E+00 1.00E+00)
(1.00E+00 2.26E+00 1.00E+00)
(1.00E+00 2.29E+00 1.00E+00)
(1.00E+00 2.31E+00 1.00E+00)
(1.00E+00 2.33E+00 1.00E+00)
(1.00E+00 2.36E+00 1.00E+00)
(1.00E+00 2.38E+00 1.00E+00)
(1.00E+00 2.41E+00 1.00E+00)
(1.00E+00 2.43E+00 1.00E+00)
(1.00E+00 2.46E+00 1.00E+00)
(1.00E+00 2.48E+00 1.00E+00)
(1.00E+00 2.51E+00 1.00E+00)
(1.00E+00 2.53E+00 1.00E+00)
(1.00E+00 2.55E+00 1.00E+00)
(1.00E+00 2.58E+00 1.00E+00)
(1.00E+00 2.60E+00 1.00E+00)
(1.00E+00 2.63E+00 1.00E+00)
(1.00E+00 2.65E+00 1.00E+00)
(1.00E+00 2.68E+00 1.00E+00)
(1.00E+00 2.70E+00 1.00E+00)
(1.00E+00 2.73E+00 1.00E+00)
(1.00E+00 2.75E+00 1.00E+00)
(1.00E+00 2.77E+00 1.00E+00)
(1.00E+00 2.80E+00 1.00E+00)
(1.00E+00 2.82E+00 1.00E+00)
(1.00E+00 2.85E+00 1.00E+00)
(1.00E+00 2.87E+00 1.00E+00)
(1.00E+00 2.90E+00 1.00E+00)
(1.00E+00 2.92E+00 1.00E+00)
(1.00E+00 2.95E+00 1.00E+00)
(1.00E+00 2.96E+00 1.00E+00)
(2.02E+00 2.12E-02 1.00E+00)
(2.02E+00 3.73E-02 1.00E+00)
(2.02E+00 6.16E-02 1.00E+00)
(2.02E+00 8.61E-02 1.00E+00)
(2.02E+00 1.10E-01 1.00E+00)
(2.02E+00 1.34E-01 1.00E+00)
(2.02E+00 1.59E-01 1.00E+00)
(2.02E+00 1.83E-01 1.00E+00)
(2.02E+00 2.08E-01 1.00E+00)
(2.02E+00 2.32E-01 1.00E+00)
(2.02E+00 2.57E-01 1.00E+00)
(2.02E+00 2.80E-01 1.00E+00)
(2.02E+00 3.06E-01 1.00E+00)
(2.02E+00 3.30E-01 1.00E+00)
(2.02E+00 3.55E-01 1.00E+00)
(2.02E+00 3.79E-01 1.00E+00)
(2.02E+00 4.03E-01 1.00E+00)
(2.02E+00 4.28E-01 1.00E+00)
(2.02E+00 4.53E-01 1.00E+00)
(2.02E+00 4.77E-01 1.00E+00)
(2.02E+00 5.02E-01 1.00E+00)
(2.02E+00 5.26E-01 1.00E+00)
(2.02E+00 5.51E-01 1.00E+00)
(2.02E+00 5.74E-01 1.00E+00)
(2.02E+00 6.00E-01 1.00E+00)
(2.02E+00 6.22E-01 1.00E+00)
(2.02E+00 6.48E-01 1.00E+00)
(2.02E+00 6.73E-01 1.00E+00)
(2.02E+00 6.97E-01 1.00E+00)
(2.02E+00 7.21E-01 1.00E+00)
(2.02E+00 7.46E-01 1.00E+00)
(2.02E+00 7.70E-01 1.00E+00)
(2.02E+00 7.95E-01 1.00E+00)
(2.02E+00 8.18E-01 1.00E+00)
(2.02E+00 8.44E-01 1.00E+00)
(2.02E+00 8.68E-01 1.00E+00)
(2.02E+00 8.93E-01 1.00E+00)
(2.02E+00 9.17E-01 1.00E+00)
(2.02E+00 9.43E-01 1.00E+00)
(2.02E+00 9.66E-01 1.00E+00)
(2.02E+00 9.91E-01 1.00E+00)
(2.02E+00 1.01E+00 1.00E+00)
(2.02E+00 1.04E+00 1.00E+00)
(2.02E+00 1.06E+00 1.00E+00)
(2.02E+00 1.09E+00 1.00E+00)
(2.02E+00 1.11E+00 1.00E+00)
(2.02E+00 1.14E+00 1.00E+00)
(2.02E+00 1.16E+00 1.00E+00)
(2.02E+00 1.19E+00 1.00E+00)
(2.02E+00 1.21E+00 1.00E+00)
(2.02E+00 1.23E+00 1.00E+00)
(2.02E+00 1.26E+00 1.00E+00)
(2.02E+00 1.28E+00 1.00E+00)
(2.02E+00 1.31E+00 1.00E+00)
(2.02E+00 1.33E+00 1.00E+00)
(2.02E+00 1.36E+00 1.00E+00)
(2.02E+00 1.38E+00 1.00E+00)
(2.02E+00 1.41E+00 1.00E+00)
(2.02E+00 1.43E+00 1.00E+00)
(2.02E+00 1.46E+00 1.00E+00)
(2.02E+00 1.48E+00 1.00E+00)
(2.02E+00 1.50E+00 1.00E+00)
(2.02E+00 1.53E+00 1.00E+00)
(2.02E+00 1.55E+00 1.00E+00)
(2.02E+00 1.58E+00 1.00E+00)
(2.02E+00 1.60E+00 1.00E+00)
(2.02E+00 1.63E+00 1.00E+00)
(2.02E+00 1.65E+00 1.00E+00)
(2.02E+00 1.67E+00 1.00E+00)
(2.02E+00 1.70E+00 1.00E+00)
(2.02E+00 1.72E+00 1.00E+00)
(2.02E+00 1.75E+00 1.00E+00)
(2.02E+00 1.77E+00 1.00E+00)
(2.02E+00 1.80E+00 1.00E+00)
(2.02E+00 1.82E+00 1.00E+00)
(2.02E+00 1.85E+00 1.00E+00)
(2.02E+00 1.87E+00 1.00E+00)
(2.02E+00 1.90E+00 1.00E+00)
(2.02E+00 1.92E+00 1.00E+00)
(2.02E+00 1.94E+00 1.00E+00)
(2.02E+00 1.97E+00 1.00E+00)
(2.02E+00 1.99E+00 1.00E+00)
(2.02E+00 2.02E+00 1.00E+00)
(2.02E+00 2.04E+00 1.00E+00)
(2.02E+00 2.07E+00 1.00E+00)
(2.02E+00 2.09E+00 1.00E+00)
(2.02E+00 2.11E+00 1.00E+00)
(2.02E+00 2.14E+00 1.00E+00)
(2.02E+00 2.16E+00 1.00E+00)
(2.02E+00 2.19E+00 1.00E+00)
(2.02E+00 2.21E+00 1.00E+00)
(2.02E+00 2.24E+00 1.00E+00)
(2.02E+00 2.26E+00 1.00E+00)
(2.02E+00 2.29E+00 1.00E+00)
(2.02E+00 2.31E+00 1.00E+00)
(2.02E+00 2.34E+00 1.00E+00)
(2.02E+00 2.36E+00 1.00E+00)
(2.02E+00 2.38E+00 1.00E+00)
(2.02E+00 2.41E+00 1.00E+00)
(2.02E+00 2.43E+00 1.00E+00)
(2.02E+00 2.46E+00 1.00E+00)
(2.02E+00 2.48E+00 1.00E+00)
(2.02E+00 2.51E+00 1.00E+00)
(2.02E+00 2.53E+00 1.00E+00)
(2.02E+00 2.55E+00 1.00E+00)
(2.02E+00 2.58E+00 1.00E+00)
(2.02E+00 2.60E+00 1.00E+00)
(2.02E+00 2.63E+00 1.00E+00)
(2.02E+00 2.65E+00 1.00E+00)
(2.02E+00 2.68E+00 1.00E+00)
(2.02E+00 2.70E+00 1.00E+00)
(2.02E+00 2.73E+00 1.00E+00)
(2.02E+00 2.75E+00 1.00E+00)
(2.02E+00 2.77E+00 1.00E+00)
(2.02E+00 2.80E+00 1.00E+00)
(2.02E+00 2.82E+00 1.00E+00)
(2.02E+00 2.85E+00 1.00E+00)
(2.02E+00 2.87E+00 1.00E+00)
(2.02E+00 2.90E+00 1.00E+00)
(2.02E+00 2.92E+00 1.00E+00)
(2.02E+00 2.95E+00 1.00E+00)
(2.02E+00 2.96E+00 1.00E+00)
(3.00E+00 2.10E-02 1.00E+00)
(3.00E+00 4.10E-02 1.00E+00)
(3.00E+00 6.14E-02 1.00E+00)
(3.00E+00 8.62E-02 1.00E+00)
(3.00E+00 1.11E-01 1.00E+00)
(3.00E+00 1.35E-01 1.00E+00)
(3.00E+00 1.61E-01 1.00E+00)
(3.00E+00 1.84E-01 1.00E+00)
(3.00E+00 2.10E-01 1.00E+00)
(3.00E+00 2.29E-01 1.00E+00)
(3.00E+00 2.57E-01 1.00E+00)
(3.00E+00 2.80E-01 1.00E+00)
(3.00E+00 3.06E-01 1.00E+00)
(3.00E+00 3.29E-01 1.00E+00)
(3.00E+00 3.52E-01 1.00E+00)
(3.00E+00 3.78E-01 1.00E+00)
(3.00E+00 4.05E-01 1.00E+00)
(3.00E+00 4.28E-01 1.00E+00)
(3.00E+00 4.52E-01 1.00E+00)
(3.00E+00 4.76E-01 1.00E+00)
(3.00E+00 5.03E-01 1.00E+00)
(3.00E+00 5.26E-01 1.00E+00)
(3.00E+00 5.50E-01 1.00E+00)
(3.00E+00 5.75E-01 1.00E+00)
(3.00E+00 6.00E-01 1.00E+00)
(3.00E+00 6.24E-01 1.00E+00)
(3.00E+00 6.49E-01 1.00E+00)
(3.00E+00 6.72E-01 1.00E+00)
(3.00E+00 6.97E-01 1.00E+00)
(3.00E+00 7.21E-01 1.00E+00)
(3.00E+00 7.46E-01 1.00E+00)
(3.00E+00 7.69E-01 1.00E+00)
(3.00E+00 7.96E-01 1.00E+00)
(3.00E+00 8.19E-01 1.00E+00)
(3.00E+00 8.43E-01 1.00E+00)
(3.00E+00 8.68E-01 1.00E+00)
(3.00E+00 8.93E-01 1.00E+00)
(3.00E+00 9.17E-01 1.00E+00)
(3.00E+00 9.42E-01 1.00E+00)
(3.00E+00 9.65E-01 1.00E+00)
(3.00E+00 9.91E-01 1.00E+00)
(3.00E+00 1.01E+00 1.00E+00)
(3.00E+00 1.04E+00 1.00E+00)
(3.00E+00 1.06E+00 1.00E+00)
(3.00E+00 1.09E+00 1.00E+00)
(3.00E+00 1.11E+00 1.00E+00)
(3.00E+00 1.14E+00 1.00E+00)
(3.00E+00 1.16E+00 1.00E+00)
(3.00E+00 1.19E+00 1.00E+00)
(3.00E+00 1.21E+00 1.00E+00)
(3.00E+00 1.24E+00 1.00E+00)
(3.00E+00 1.26E+00 1.00E+00)
(3.00E+00 1.28E+00 1.00E+00)
(3.00E+00 1.31E+00 1.00E+00)
(3.00E+00 1.33E+00 1.00E+00)
(3.00E+00 1.36E+00 1.00E+00)
(3.00E+00 1.38E+00 1.00E+00)
(3.00E+00 1.41E+00 1.00E+00)
(3.00E+00 1.43E+00 1.00E+00)
(3.00E+00 1.45E+00 1.00E+00)
(3.00E+00 1.48E+00 1.00E+00)
(3.00E+00 1.50E+00 1.00E+00)
(3.00E+00 1.53E+00 1.00E+00)
(3.00E+00 1.55E+00 1.00E+00)
(3.00E+00 1.58E+00 1.00E+00)
(3.00E+00 1.60E+00 1.00E+00)
(3.00E+00 1.63E+00 1.00E+00)
(3.00E+00 1.65E+00 1.00E+00)
(3.00E+00 1.67E+00 1.00E+00)
(3.00E+00 1.70E+00 1.00E+00)
(3.00E+00 1.72E+00 1.00E+00)
(3.00E+00 1.75E+00 1.00E+00)
(3.00E+00 1.77E+00 1.00E+00)
(3.00E+00 1.80E+00 1.00E+00)
(3.00E+00 1.82E+00 1.00E+00)
(3.00E+00 1.85E+00 1.00E+00)
(3.00E+00 1.87E+00 1.00E+00)
(3.00E+00 1.89E+00 1.00E+00)
(3.00E+00 1.92E+00 1.00E+00)
(3.00E+00 1.94E+00 1.00E+00)
(3.00E+00 1.97E+00 1.00E+00)
(3.00E+00 1.99E+00 1.00E+00)
(3.00E+00 2.02E+00 1.00E+00)
(3.00E+00 2.04E+00 1.00E+00)
(3.00E+00 2.07E+00 1.00E+00)
(3.00E+00 2.09E+00 1.00E+00)
(3.00E+00 2.12E+00 1.00E+00)
(3.00E+00 2.14E+00 1.00E+00)
(3.00E+00 2.16E+00 1.00E+00)
(3.00E+00 2.19E+00 1.00E+00)
(3.00E+00 2.21E+00 1.00E+00)
(3.00E+00 2.24E+00 1.00E+00)
(3.00E+00 2.26E+00 1.00E+00)
(3.00E+00 2.29E+00 1.00E+00)
(3.00E+00 2.31E+00 1.00E+00)
(3.00E+00 2.34E+00 1.00E+00)
(3.00E+00 2.36E+00 1.00E+00)
(3.00E+00 2.38E+00 1.00E+00)
(3.00E+00 2.41E+00 1.00E+00)
(3.00E+00 2.43E+00 1.00E+00)
(3.00E+00 2.46E+00 1.00E+00)
(3.00E+00 2.48E+00 1.00E+00)
(3.00E+00 2.51E+00 1.00E+00)
(3.00E+00 2.53E+00 1.00E+00)
(3.00E+00 2.55E+00 1.00E+00)
(3.00E+00 2.58E+00 1.00E+00)
(3.00E+00 2.60E+00 1.00E+00)
(3.00E+00 2.63E+00 1.00E+00)
(3.00E+00 2.65E+00 1.00E+00)
(3.00E+00 2.68E+00 1.00E+00)
(3.00E+00 2.70E+00 1.00E+00)
(3.00E+00 2.73E+00 1.00E+00)
(3.00E+00 2.75E+00 1.00E+00)
(3.00E+00 2.78E+00 1.00E+00)
(3.00E+00 2.80E+00 1.00E+00)
(3.00E+00 2.82E+00 1.00E+00)
(3.00E+00 2.85E+00 1.00E+00)
(3.00E+00 2.87E+00 1.00E+00)
(3.00E+00 2.90E+00 1.00E+00)
(3.00E+00 2.92E+00 1.00E+00)
(3.00E+00 2.95E+00 1.00E+00)
(3.00E+00 2.96E+00 1.00E+00)
(4.02E+00 2.03E-02 1.00E+00)
(4.02E+00 3.83E-02 1.00E+00)
(4.02E+00 6.16E-02 1.00E+00)
(4.02E+00 8.62E-02 1.00E+00)
(4.02E+00 1.11E-01 1.00E+00)
(4.02E+00 1.35E-01 1.00E+00)
(4.02E+00 1.59E-01 1.00E+00)
(4.02E+00 1.84E-01 1.00E+00)
(4.02E+00 2.07E-01 1.00E+00)
(4.02E+00 2.32E-01 1.00E+00)
(4.02E+00 2.57E-01 1.00E+00)
(4.02E+00 2.81E-01 1.00E+00)
(4.02E+00 3.06E-01 1.00E+00)
(4.02E+00 3.31E-01 1.00E+00)
(4.02E+00 3.55E-01 1.00E+00)
(4.02E+00 3.79E-01 1.00E+00)
(4.02E+00 4.03E-01 1.00E+00)
(4.02E+00 4.28E-01 1.00E+00)
(4.02E+00 4.52E-01 1.00E+00)
(4.02E+00 4.77E-01 1.00E+00)
(4.02E+00 5.02E-01 1.00E+00)
(4.02E+00 5.25E-01 1.00E+00)
(4.02E+00 5.50E-01 1.00E+00)
(4.02E+00 5.74E-01 1.00E+00)
(4.02E+00 5.98E-01 1.00E+00)
(4.02E+00 6.23E-01 1.00E+00)
(4.02E+00 6.48E-01 1.00E+00)
(4.02E+00 6.72E-01 1.00E+00)
(4.02E+00 6.97E-01 1.00E+00)
(4.02E+00 7.21E-01 1.00E+00)
(4.02E+00 7.47E-01 1.00E+00)
(4.02E+00 7.71E-01 1.00E+00)
(4.02E+00 7.95E-01 1.00E+00)
(4.02E+00 8.19E-01 1.00E+00)
(4.02E+00 8.44E-01 1.00E+00)
(4.02E+00 8.68E-01 1.00E+00)
(4.02E+00 8.93E-01 1.00E+00)
(4.02E+00 9.17E-01 1.00E+00)
(4.02E+00 9.41E-01 1.00E+00)
(4.02E+00 9.66E-01 1.00E+00)
(4.02E+00 9.91E-01 1.00E+00)
(4.02E+00 1.01E+00 1.00E+00)
(4.02E+00 1.04E+00 1.00E+00)
(4.02E+00 1.06E+00 1.00E+00)
(4.02E+00 1.09E+00 1.00E+00)
(4.02E+00 1.11E+00 1.00E+00)
(4.02E+00 1.14E+00 1.00E+00)
(4.02E+00 1.16E+00 1.00E+00)
(4.02E+00 1.19E+00 1.00E+00)
(4.02E+00 1.21E+00 1.00E+00)
(4.02E+00 1.23E+00 1.00E+00)
(4.02E+00 1.26E+00 1.00E+00)
(4.02E+00 1.28E+00 1.00E+00)
(4.02E+00 1.31E+00 1.00E+00)
(4.02E+00 1.33E+00 1.00E+00)
(4.02E+00 1.36E+00 1.00E+00)
(4.02E+00 1.38E+00 1.00E+00)
(4.02E+00 1.41E+00 1.00E+00)
(4.02E+00 1.43E+00 1.00E+00)
(4.02E+00 1.45E+00 1.00E+00)
(4.02E+00 1.48E+00 1.00E+00)
(4.02E+00 1.50E+00 1.00E+00)
(4.02E+00 1.53E+00 1.00E+00)
(4.02E+00 1.55E+00 1.00E+00)
(4.02E+00 1.58E+00 1.00E+00)
(4.02E+00 1.60E+00 1.00E+00)
(4.02E+00 1.63E+00 1.00E+00)
(4.02E+00 1.65E+00 1.00E+00)
(4.02E+00 1.67E+00 1.00E+00)
(4.02E+00 1.70E+00 1.00E+00)
(4.02E+00 1.72E+00 1.00E+00)
(4.02E+00 1.75E+00 1.00E+00)
(4.02E+00 1.77E+00 1.00E+00)
(4.02E+00 1.80E+00 1.00E+00)
(4.02E+00 1.82E+00 1.00E+00)
(4.02E+00 1.85E+00 1.00E+00)
(4.02E+00 1.87E+00 1.00E+00)
(4.02E+00 1.90E+00 1.00E+00)
(4.02E+00 1.92E+00 1.00E+00)
(4.02E+00 1.94E+00 1.00E+00)
(4.02E+00 1.97E+00 1.00E+00)
(4.02E+00 1.99E+00 1.00E+00)
(4.02E+00 2.02E+00 1.00E+00)
(4.02E+00 2.04E+00 1.00E+00)
(4.02E+00 2.07E+00 1.00E+00)
(4.02E+00 2.09E+00 1.00E+00)
(4.02E+00 2.11E+00 1.00E+00)
(4.02E+00 2.14E+00 1.00E+00)
(4.02E+00 2.16E+00 1.00E+00)
(4.02E+00 2.19E+00 1.00E+00)
(4.02E+00 2.21E+00 1.00E+00)
(4.02E+00 2.24E+00 1.00E+00)
(4.02E+00 2.26E+00 1.00E+00)
(4.02E+00 2.29E+00 1.00E+00)
(4.02E+00 2.31E+00 1.00E+00)
(4.02E+00 2.34E+00 1.00E+00)
(4.02E+00 2.36E+00 1.00E+00)
(4.02E+00 2.38E+00 1.00E+00)
(4.02E+00 2.41E+00 1.00E+00)
(4.02E+00 2.43E+00 1.00E+00)
(4.02E+00 2.46E+00 1.00E+00)
(4.02E+00 2.48E+00 1.00E+00)
(4.02E+00 2.51E+00 1.00E+00)
(4.02E+00 2.53E+00 1.00E+00)
(4.02E+00 2.56E+00 1.00E+00)
(4.02E+00 2.58E+00 1.00E+00)
(4.02E+00 2.60E+00 1.00E+00)
(4.02E+00 2.63E+00 1.00E+00)
(4.02E+00 2.65E+00 1.00E+00)
(4.02E+00 2.68E+00 1.00E+00)
(4.02E+00 2.70E+00 1.00E+00)
(4.02E+00 2.73E+00 1.00E+00)
(4.02E+00 2.75E+00 1.00E+00)
(4.02E+00 2.78E+00 1.00E+00)
(4.02E+00 2.80E+00 1.00E+00)
(4.02E+00 2.82E+00 1.00E+00)
(4.02E+00 2.85E+00 1.00E+00)
(4.02E+00 2.87E+00 1.00E+00)
(4.02E+00 2.90E+00 1.00E+00)
(4.02E+00 2.92E+00 1.00E+00)
(4.02E+00 2.95E+00 1.00E+00)
(4.02E+00 2.96E+00 1.00E+00)
(5.00E+00 2.13E-02 1.00E+00)
(5.00E+00 3.75E-02 1.00E+00)
(5.00E+00 6.03E-02 1.00E+00)
(5.00E+00 8.59E-02 1.00E+00)
(5.00E+00 1.10E-01 1.00E+00)
(5.00E+00 1.35E-01 1.00E+00)
(5.00E+00 1.58E-01 1.00E+00)
(5.00E+00 1.83E-01 1.00E+00)
(5.00E+00 2.08E-01 1.00E+00)
(5.00E+00 2.33E-01 1.00E+00)
(5.00E+00 2.56E-01 1.00E+00)
(5.00E+00 2.82E-01 1.00E+00)
(5.00E+00 3.06E-01 1.00E+00)
(5.00E+00 3.29E-01 1.00E+00)
(5.00E+00 3.54E-01 1.00E+00)
(5.00E+00 3.79E-01 1.00E+00)
(5.00E+00 4.04E-01 1.00E+00)
(5.00E+00 4.28E-01 1.00E+00)
(5.00E+00 4.52E-01 1.00E+00)
(5.00E+00 4.76E-01 1.00E+00)
(5.00E+00 5.02E-01 1.00E+00)
(5.00E+00 5.25E-01 1.00E+00)
(5.00E+00 5.51E-01 1.00E+00)
(5.00E+00 5.74E-01 1.00E+00)
(5.00E+00 5.98E-01 1.00E+00)
(5.00E+00 6.23E-01 1.00E+00)
(5.00E+00 6.48E-01 1.00E+00)
(5.00E+00 6.74E-01 1.00E+00)
(5.00E+00 6.97E-01 1.00E+00)
(5.00E+00 7.21E-01 1.00E+00)
(5.00E+00 7.46E-01 1.00E+00)
(5.00E+00 7.71E-01 1.00E+00)
(5.00E+00 7.95E-01 1.00E+00)
(5.00E+00 8.19E-01 1.00E+00)
(5.00E+00 8.44E-01 1.00E+00)
(5.00E+00 8.67E-01 1.00E+00)
(5.00E+00 8.93E-01 1.00E+00)
(5.00E+00 9.17E-01 1.00E+00)
(5.00E+00 9.42E-01 1.00E+00)
(5.00E+00 9.66E-01 1.00E+00)
(5.00E+00 9.90E-01 1.00E+00)
(5.00E+00 1.01E+00 1.00E+00)
(5.00E+00 1.04E+00 1.00E+00)
(5.00E+00 1.06E+00 1.00E+00)
(5.00E+00 1.09E+00 1.00E+00)
(5.00E+00 1.11E+00 1.00E+00)
(5.00E+00 1.14E+00 1.00E+00)
(5.00E+00 1.16E+00 1.00E+00)
(5.00E+00 1.19E+00 1.00E+00)
(5.00E+00 1.21E+00 1.00E+00)
(5.00E+00 1.23E+00 1.00E+00)
(5.00E+00 1.26E+00 1.00E+00)
(5.00E+00 1.28E+00 1.00E+00)
(5.00E+00 1.31E+00 1.00E+00)
(5.00E+00 1.33E+00 1.00E+00)
(5.00E+00 1.36E+00 1.00E+00)
(5.00E+00 1.38E+00 1.00E+00)
(5.00E+00 1.40E+00 1.00E+00)
(5.00E+00 1.43E+00 1.00E+00)
(5.00E+00 1.46E+00 1.00E+00)
(5.00E+00 1.48E+00 1.00E+00)
(5.00E+00 1.50E+00 1.00E+00)
(5.00E+00 1.53E+00 1.00E+00)
(5.00E+00 1.55E+00 1.00E+00)
(5.00E+00 1.58E+00 1.00E+00)
(5.00E+00 1.60E+00 1.00E+00)
(5.00E+00 1.63E+00 1.00E+00)
(5.00E+00 1.65E+00 1.00E+00)
(5.00E+00 1.67E+00 1.00E+00)
(5.00E+00 1.70E+00 1.00E+00)
(5.00E+00 1.72E+00 1.00E+00)
(5.00E+00 1.75E+00 1.00E+00)
(5.00E+00 1.77E+00 1.00E+00)
(5.00E+00 1.80E+00 1.00E+00)
(5.00E+00 1.82E+00 1.00E+00)
(5.00E+00 1.85E+00 1.00E+00)
(5.00E+00 1.87E+00 1.00E+00)
(5.00E+00 1.90E+00 1.00E+00)
(5.00E+00 1.92E+00 1.00E+00)
(5.00E+00 1.94E+00 1.00E+00)
(5.00E+00 1.97E+00 1.00E+00)
(5.00E+00 1.99E+00 1.00E+00)
(5.00E+00 2.02E+00 1.00E+00)
(5.00E+00 2.04E+00 1.00E+00)
(5.00E+00 2.07E+00 1.00E+00)
(5.00E+00 2.09E+00 1.00E+00)
(5.00E+00 2.12E+00 1.00E+00)
(5.00E+00 2.14E+00 1.00E+00)
(5.00E+00 2.16E+00 1.00E+00)
(5.00E+00 2.19E+00 1.00E+00)
(5.00E+00 2.21E+00 1.00E+00)
(5.00E+00 2.24E+00 1.00E+00)
(5.00E+00 2.26E+00 1.00E+00)
(5.00E+00 2.29E+00 1.00E+00)
(5.00E+00 2.31E+00 1.00E+00)
(5.00E+00 2.34E+00 1.00E+00)
(5.00E+00 2.36E+00 1.00E+00)
(5.00E+00 2.38E+00 1.00E+00)
(5.00E+00 2.41E+00 1.00E+00)
(5.00E+00 2.43E+00 1.00E+00)
(5.00E+00 2.46E+00 1.00E+00)
(5.00E+00 2.48E+00 1.00E+00)
(5.00E+00 2.51E+00 1.00E+00)
(5.00E+00 2.53E+00 1.00E+00)
(5.00E+00 2.56E+00 1.00E+00)
(5.00E+00 2.58E+00 1.00E+00)
(5.00E+00 2.60E+00 1.00E+00)
(5.00E+00 2.63E+00 1.00E+00)
(5.00E+00 2.65E+00 1.00E+00)
(5.00E+00 2.68E+00 1.00E+00)
(5.00E+00 2.70E+00 1.00E+00)
(5.00E+00 2.73E+00 1.00E+00)
(5.00E+00 2.75E+00 1.00E+00)
(5.00E+00 2.78E+00 1.00E+00)
(5.00E+00 2.80E+00 1.00E+00)
(5.00E+00 2.82E+00 1.00E+00)
(5.00E+00 2.85E+00 1.00E+00)
(5.00E+00 2.87E+00 1.00E+00)
(5.00E+00 2.90E+00 1.00E+00)
(5.00E+00 2.92E+00 1.00E+00)
(5.00E+00 2.95E+00 1.00E+00)
(5.00E+00 2.96E+00 1.00E+00)
(6.02E+00 2.10E-02 1.00E+00)
(6.02E+00 3.59E-02 1.00E+00)
(6.02E+00 6.14E-02 1.00E+00)
(6.02E+00 8.52E-02 1.00E+00)
(6.02E+00 1.11E-01 1.00E+00)
(6.02E+00 1.35E-01 1.00E+00)
(6.02E+00 1.59E-01 1.00E+00)
(6.02E+00 1.83E-01 1.00E+00)
(6.02E+00 2.08E-01 1.00E+00)
(6.02E+00 2.32E-01 1.00E+00)
(6.02E+00 2.56E-01 1.00E+00)
(6.02E+00 2.82E-01 1.00E+00)
(6.02E+00 3.06E-01 1.00E+00)
(6.02E+00 3.30E-01 1.00E+00)
(6.02E+00 3.55E-01 1.00E+00)
(6.02E+00 3.78E-01 1.00E+00)
(6.02E+00 4.03E-01 1.00E+00)
(6.02E+00 4.28E-01 1.00E+00)
(6.02E+00 4.53E-01 1.00E+00)
(6.02E+00 4.77E-01 1.00E+00)
(6.02E+00 5.02E-01 1.00E+00)
(6.02E+00 5.25E-01 1.00E+00)
(6.02E+00 5.51E-01 1.00E+00)
(6.02E+00 5.75E-01 1.00E+00)
(6.02E+00 5.98E-01 1.00E+00)
(6.02E+00 6.23E-01 1.00E+00)
(6.02E+00 6.48E-01 1.00E+00)
(6.02E+00 6.73E-01 1.00E+00)
(6.02E+00 6.97E-01 1.00E+00)
(6.02E+00 7.21E-01 1.00E+00)
(6.02E+00 7.46E-01 1.00E+00)
(6.02E+00 7.70E-01 1.00E+00)
(6.02E+00 7.95E-01 1.00E+00)
(6.02E+00 8.19E-01 1.00E+00)
(6.02E+00 8.43E-01 1.00E+00)
(6.02E+00 8.68E-01 1.00E+00)
(6.02E+00 8.93E-01 1.00E+00)
(6.02E+00 9.17E-01 1.00E+00)
(6.02E+00 9.41E-01 1.00E+00)
(6.02E+00 9.66E-01 1.00E+00)
(6.02E+00 9.90E-01 1.00E+00)
(6.02E+00 1.02E+00 1.00E+00)
(6.02E+00 1.04E+00 1.00E+00)
(6.02E+00 1.06E+00 1.00E+00)
(6.02E+00 1.09E+00 1.00E+00)
(6.02E+00 1.11E+00 1.00E+00)
(6.02E+00 1.14E+00 1.00E+00)
(6.02E+00 1.16E+00 1.00E+00)
(6.02E+00 1.19E+00 1.00E+00)
(6.02E+00 1.21E+00 1.00E+00)
(6.02E+00 1.23E+00 1.00E+00)
(6.02E+00 1.26E+00 1.00E+00)
(6.02E+00 1.28E+00 1.00E+00)
(6.02E+00 1.31E+00 1.00E+00)
(6.02E+00 1.33E+00 1.00E+00)
(6.02E+00 1.36E+00 1.00E+00)
(6.02E+00 1.38E+00 1.00E+00)
(6.02E+00 1.41E+00 1.00E+00)
(6.02E+00 1.43E+00 1.00E+00)
(6.02E+00 1.46E+00 1.00E+00)
(6.02E+00 1.48E+00 1.00E+00)
(6.02E+00 1.50E+00 1.00E+00)
(6.02E+00 1.53E+00 1.00E+00)
(6.02E+00 1.55E+00 1.00E+00)
(6.02E+00 1.58E+00 1.00E+00)
(6.02E+00 1.60E+00 1.00E+00)
(6.02E+00 1.63E+00 1.00E+00)
(6.02E+00 1.65E+00 1.00E+00)
(6.02E+00 1.67E+00 1.00E+00)
(6.02E+00 1.70E+00 1.00E+00)
(6.02E+00 1.72E+00 1.00E+00)
(6.02E+00 1.75E+00 1.00E+00)
(6.02E+00 1.77E+00 1.00E+00)
(6.02E+00 1.80E+00 1.00E+00)
(6.02E+00 1.82E+00 1.00E+00)
(6.02E+00 1.85E+00 1.00E+00)
(6.02E+00 1.87E+00 1.00E+00)
(6.02E+00 1.89E+00 1.00E+00)
(6.02E+00 1.92E+00 1.00E+00)
(6.02E+00 1.94E+00 1.00E+00)
(6.02E+00 1.97E+00 1.00E+00)
(6.02E+00 1.99E+00 1.00E+00)
(6.02E+00 2.02E+00 1.00E+00)
(6.02E+00 2.04E+00 1.00E+00)
(6.02E+00 2.07E+00 1.00E+00)
(6.02E+00 2.09E+00 1.00E+00)
(6.02E+00 2.12E+00 1.00E+00)
(6.02E+00 2.14E+00 1.00E+00)
(6.02E+00 2.16E+00 1.00E+00)
(6.02E+00 2.19E+00 1.00E+00)
(6.02E+00 2.21E+00 1.00E+00)
(6.02E+00 2.24E+00 1.00E+00)
(6.02E+00 2.26E+00 1.00E+00)
(6.02E+00 2.29E+00 1.00E+00)
(6.02E+00 2.31E+00 1.00E+00)
(6.02E+00 2.33E+00 1.00E+00)
(6.02E+00 2.36E+00 1.00E+00)
(6.02E+00 2.38E+00 1.00E+00)
(6.02E+00 2.41E+00 1.00E+00)
(6.02E+00 2.43E+00 1.00E+00)
(6.02E+00 2.46E+00 1.00E+00)
(6.02E+00 2.48E+00 1.00E+00)
(6.02E+00 2.51E+00 1.00E+00)
(6.02E+00 2.53E+00 1.00E+00)
(6.02E+00 2.56E+00 1.00E+00)
(6.02E+00 2.58E+00 1.00E+00)
(6.02E+00 2.60E+00 1.00E+00)
(6.02E+00 2.63E+00 1.00E+00)
(6.02E+00 2.65E+00 1.00E+00)
(6.02E+00 2.68E+00 1.00E+00)
(6.02E+00 2.70E+00 1.00E+00)
(6.02E+00 2.73E+00 1.00E+00)
(6.02E+00 2.75E+00 1.00E+00)
(6.02E+00 2.77E+00 1.00E+00)
(6.02E+00 2.80E+00 1.00E+00)
(6.02E+00 2.82E+00 1.00E+00)
(6.02E+00 2.85E+00 1.00E+00)
(6.02E+00 2.87E+00 1.00E+00)
(6.02E+00 2.90E+00 1.00E+00)
(6.02E+00 2.92E+00 1.00E+00)
(6.02E+00 2.95E+00 1.00E+00)
(6.02E+00 2.96E+00 1.00E+00)
(7.00E+00 2.14E-02 1.00E+00)
(7.00E+00 3.72E-02 1.00E+00)
(7.00E+00 6.05E-02 1.00E+00)
(7.00E+00 8.63E-02 1.00E+00)
(7.00E+00 1.10E-01 1.00E+00)
(7.00E+00 1.35E-01 1.00E+00)
(7.00E+00 1.59E-01 1.00E+00)
(7.00E+00 1.83E-01 1.00E+00)
(7.00E+00 2.08E-01 1.00E+00)
(7.00E+00 2.32E-01 1.00E+00)
(7.00E+00 2.57E-01 1.00E+00)
(7.00E+00 2.82E-01 1.00E+00)
(7.00E+00 3.06E-01 1.00E+00)
(7.00E+00 3.30E-01 1.00E+00)
(7.00E+00 3.55E-01 1.00E+00)
(7.00E+00 3.79E-01 1.00E+00)
(7.00E+00 4.03E-01 1.00E+00)
(7.00E+00 4.28E-01 1.00E+00)
(7.00E+00 4.52E-01 1.00E+00)
(7.00E+00 4.76E-01 1.00E+00)
(7.00E+00 5.01E-01 1.00E+00)
(7.00E+00 5.26E-01 1.00E+00)
(7.00E+00 5.50E-01 1.00E+00)
(7.00E+00 5.75E-01 1.00E+00)
(7.00E+00 5.99E-01 1.00E+00)
(7.00E+00 6.23E-01 1.00E+00)
(7.00E+00 6.48E-01 1.00E+00)
(7.00E+00 6.72E-01 1.00E+00)
(7.00E+00 6.97E-01 1.00E+00)
(7.00E+00 7.21E-01 1.00E+00)
(7.00E+00 7.46E-01 1.00E+00)
(7.00E+00 7.70E-01 1.00E+00)
(7.00E+00 7.95E-01 1.00E+00)
(7.00E+00 8.19E-01 1.00E+00)
(7.00E+00 8.43E-01 1.00E+00)
(7.00E+00 8.68E-01 1.00E+00)
(7.00E+00 8.93E-01 1.00E+00)
(7.00E+00 9.17E-01 1.00E+00)
(7.00E+00 9.41E-01 1.00E+00)
(7.00E+00 9.66E-01 1.00E+00)
(7.00E+00 9.90E-01 1.00E+00)
(7.00E+00 1.01E+00 1.00E+00)
(7.00E+00 1.04E+00 1.00E+00)
(7.00E+00 1.06E+00 1.00E+00)
(7.00E+00 1.09E+00 1.00E+00)
(7.00E+00 1.11E+00 1.00E+00)
(7.00E+00 1.14E+00 1.00E+00)
(7.00E+00 1.16E+00 1.00E+00)
(7.00E+00 1.19E+00 1.00E+00)
(7.00E+00 1.21E+00 1.00E+00)
(7.00E+00 1.23E+00 1.00E+00)
(7.00E+00 1.26E+00 1.00E+00)
(7.00E+00 1.28E+00 1.00E+00)
(7.00E+00 1.31E+00 1.00E+00)
(7.00E+00 1.33E+00 1.00E+00)
(7.00E+00 1.36E+00 1.00E+00)
(7.00E+00 1.38E+00 1.00E+00)
(7.00E+00 1.41E+00 1.00E+00)
(7.00E+00 1.43E+00 1.00E+00)
(7.00E+00 1.45E+00 1.00E+00)
(7.00E+00 1.48E+00 1.00E+00)
(7.00E+00 1.50E+00 1.00E+00)
(7.00E+00 1.53E+00 1.00E+00)
(7.00E+00 1.55E+00 1.00E+00)
(7.00E+00 1.58E+00 1.00E+00)
(7.00E+00 1.60E+00 1.00E+00)
(7.00E+00 1.63E+00 1.00E+00)
(7.00E+00 1.65E+00 1.00E+00)
(7.00E+00 1.67E+00 1.00E+00)
(7.00E+00 1.70E+00 1.00E+00)
(7.00E+00 1.72E+00 1.00E+00)
(7.00E+00 1.75E+00 1.00E+00)
(7.00E+00 1.77E+00 1.00E+00)
(7.00E+00 1.80E+00 1.00E+00)
(7.00E+00 1.82E+00 1.00E+00)
(7.00E+00 1.85E+00 1.00E+00)
(7.00E+00 1.87E+00 1.00E+00)
(7.00E+00 1.90E+00 1.00E+00)
(7.00E+00 1.92E+00 1.00E+00)
(7.00E+00 1.94E+00 1.00E+00)
(7.00E+00 1.97E+00 1.00E+00)
(7.00E+00 1.99E+00 1.00E+00)
(7.00E+00 2.02E+00 1.00E+00)
(7.00E+00 2.04E+00 1.00E+00)
(7.00E+00 2.07E+00 1.00E+00)
(7.00E+00 2.09E+00 1.00E+00)
(7.00E+00 2.12E+00 1.00E+00)
(7.00E+00 2.14E+00 1.00E+00)
(7.00E+00 2.16E+00 1.00E+00)
(7.00E+00 2.19E+00 1.00E+00)
(7.00E+00 2.21E+00 1.00E+00)
(7.00E+00 2.24E+00 1.00E+00)
(7.00E+00 2.26E+00 1.00E+00)
(7.00E+00 2.29E+00 1.00E+00)
(7.00E+00 2.31E+00 1.00E+00)
(7.00E+00 2.33E+00 1.00E+00)
(7.00E+00 2.36E+00 1.00E+00)
(7.00E+00 2.38E+00 1.00E+00)
(7.00E+00 2.41E+00 1.00E+00)
(7.00E+00 2.43E+00 1.00E+00)
(7.00E+00 2.46E+00 1.00E+00)
(7.00E+00 2.48E+00 1.00E+00)
(7.00E+00 2.51E+00 1.00E+00)
(7.00E+00 2.53E+00 1.00E+00)
(7.00E+00 2.56E+00 1.00E+00)
(7.00E+00 2.58E+00 1.00E+00)
(7.00E+00 2.60E+00 1.00E+00)
(7.00E+00 2.63E+00 1.00E+00)
(7.00E+00 2.65E+00 1.00E+00)
(7.00E+00 2.68E+00 1.00E+00)
(7.00E+00 2.70E+00 1.00E+00)
(7.00E+00 2.73E+00 1.00E+00)
(7.00E+00 2.75E+00 1.00E+00)
(7.00E+00 2.77E+00 1.00E+00)
(7.00E+00 2.80E+00 1.00E+00)
(7.00E+00 2.82E+00 1.00E+00)
(7.00E+00 2.85E+00 1.00E+00)
(7.00E+00 2.87E+00 1.00E+00)
(7.00E+00 2.90E+00 1.00E+00)
(7.00E+00 2.92E+00 1.00E+00)
(7.00E+00 2.95E+00 1.00E+00)
(7.00E+00 2.96E+00 1.00E+00)
(8.02E+00 2.12E-02 1.00E+00)
(8.02E+00 3.78E-02 1.00E+00)
(8.02E+00 5.96E-02 1.00E+00)
(8.02E+00 8.55E-02 1.00E+00)
(8.02E+00 1.10E-01 1.00E+00)
(8.02E+00 1.34E-01 1.00E+00)
(8.02E+00 1.59E-01 1.00E+00)
(8.02E+00 1.84E-01 1.00E+00)
(8.02E+00 2.08E-01 1.00E+00)
(8.02E+00 2.32E-01 1.00E+00)
(8.02E+00 2.58E-01 1.00E+00)
(8.02E+00 2.81E-01 1.00E+00)
(8.02E+00 3.05E-01 1.00E+00)
(8.02E+00 3.30E-01 1.00E+00)
(8.02E+00 3.54E-01 1.00E+00)
(8.02E+00 3.79E-01 1.00E+00)
(8.02E+00 4.04E-01 1.00E+00)
(8.02E+00 4.28E-01 1.00E+00)
(8.02E+00 4.52E-01 1.00E+00)
(8.02E+00 4.76E-01 1.00E+00)
(8.02E+00 5.01E-01 1.00E+00)
(8.02E+00 5.25E-01 1.00E+00)
(8.02E+00 5.50E-01 1.00E+00)
(8.02E+00 5.74E-01 1.00E+00)
(8.02E+00 5.99E-01 1.00E+00)
(8.02E+00 6.23E-01 1.00E+00)
(8.02E+00 6.48E-01 1.00E+00)
(8.02E+00 6.72E-01 1.00E+00)
(8.02E+00 6.98E-01 1.00E+00)
(8.02E+00 7.21E-01 1.00E+00)
(8.02E+00 7.45E-01 1.00E+00)
(8.02E+00 7.69E-01 1.00E+00)
(8.02E+00 7.95E-01 1.00E+00)
(8.02E+00 8.20E-01 1.00E+00)
(8.02E+00 8.43E-01 1.00E+00)
(8.02E+00 8.68E-01 1.00E+00)
(8.02E+00 8.93E-01 1.00E+00)
(8.02E+00 9.18E-01 1.00E+00)
(8.02E+00 9.41E-01 1.00E+00)
(8.02E+00 9.65E-01 1.00E+00)
(8.02E+00 9.90E-01 1.00E+00)
(8.02E+00 1.01E+00 1.00E+00)
(8.02E+00 1.04E+00 1.00E+00)
(8.02E+00 1.06E+00 1.00E+00)
(8.02E+00 1.09E+00 1.00E+00)
(8.02E+00 1.11E+00 1.00E+00)
(8.02E+00 1.14E+00 1.00E+00)
(8.02E+00 1.16E+00 1.00E+00)
(8.02E+00 1.19E+00 1.00E+00)
(8.02E+00 1.21E+00 1.00E+00)
(8.02E+00 1.23E+00 1.00E+00)
(8.02E+00 1.26E+00 1.00E+00)
(8.02E+00 1.28E+00 1.00E+00)
(8.02E+00 1.31E+00 1.00E+00)
(8.02E+00 1.33E+00 1.00E+00)
(8.02E+00 1.36E+00 1.00E+00)
(8.02E+00 1.38E+00 1.00E+00)
(8.02E+00 1.41E+00 1.00E+00)
(8.02E+00 1.43E+00 1.00E+00)
(8.02E+00 1.46E+00 1.00E+00)
(8.02E+00 1.48E+00 1.00E+00)
(8.02E+00 1.50E+00 1.00E+00)
(8.02E+00 1.53E+00 1.00E+00)
(8.02E+00 1.55E+00 1.00E+00)
(8.02E+00 1.58E+00 1.00E+00)
(8.02E+00 1.60E+00 1.00E+00)
(8.02E+00 1.63E+00 1.00E+00)
(8.02E+00 1.65E+00 1.00E+00)
(8.02E+00 1.67E+00 1.00E+00)
(8.02E+00 1.70E+00 1.00E+00)
(8.02E+00 1.72E+00 1.00E+00)
(8.02E+00 1.75E+00 1.00E+00)
(8.02E+00 1.77E+00 1.00E+00)
(8.02E+00 1.80E+00 1.00E+00)
(8.02E+00 1.82E+00 1.00E+00)
(8.02E+00 1.85E+00 1.00E+00)
(8.02E+00 1.87E+00 1.00E+00)
(8.02E+00 1.89E+00 1.00E+00)
(8.02E+00 1.92E+00 1.00E+00)
(8.02E+00 1.94E+00 1.00E+00)
(8.02E+00 1.97E+00 1.00E+00)
(8.02E+00 1.99E+00 1.00E+00)
(8.02E+00 2.02E+00 1.00E+00)
(8.02E+00 2.04E+00 1.00E+00)
(8.02E+00 2.07E+00 1.00E+00)
(8.02E+00 2.09E+00 1.00E+00)
(8.02E+00 2.12E+00 1.00E+00)
(8.02E+00 2.14E+00 1.00E+00)
(8.02E+00 2.16E+00 1.00E+00)
(8.02E+00 2.19E+00 1.00E+00)
(8.02E+00 2.21E+00 1.00E+00)
(8.02E+00 2.24E+00 1.00E+00)
(8.02E+00 2.26E+00 1.00E+00)
(8.02E+00 2.29E+00 1.00E+00)
(8.02E+00 2.31E+00 1.00E+00)
(8.02E+00 2.33E+00 1.00E+00)
(8.02E+00 2.36E+00 1.00E+00)
(8.02E+00 2.38E+00 1.00E+00)
(8.02E+00 2.41E+00 1.00E+00)
(8.02E+00 2.43E+00 1.00E+00)
(8.02E+00 2.46E+00 1.00E+00)
(8.02E+00 2.48E+00 1.00E+00)
(8.02E+00 2.51E+00 1.00E+00)
(8.02E+00 2.53E+00 1.00E+00)
(8.02E+00 2.55E+00 1.00E+00)
(8.02E+00 2.58E+00 1.00E+00)
(8.02E+00 2.60E+00 1.00E+00)
(8.02E+00 2.63E+00 1.00E+00)
(8.02E+00 2.65E+00 1.00E+00)
(8.02E+00 2.68E+00 1.00E+00)
(8.02E+00 2.70E+00 1.00E+00)
(8.02E+00 2.73E+00 1.00E+00)
(8.02E+00 2.75E+00 1.00E+00)
(8.02E+00 2.77E+00 1.00E+00)
(8.02E+00 2.80E+00 1.00E+00)
(8.02E+00 2.82E+00 1.00E+00)
(8.02E+00 2.85E+00 1.00E+00)
(8.02E+00 2.87E+00 1.00E+00)
(8.02E+00 2.90E+00 1.00E+00)
(8.02E+00 2.92E+00 1.00E+00)
(8.02E+00 2.95E+00 1.00E+00)
(8.02E+00 2.96E+00 1.00E+00)
(9.00E+00 1.83E-02 1.00E+00)
(9.00E+00 3.68E-02 1.00E+00)
(9.00E+00 6.07E-02 1.00E+00)
(9.00E+00 8.54E-02 1.00E+00)
(9.00E+00 1.10E-01 1.00E+00)
(9.00E+00 1.34E-01 1.00E+00)
(9.00E+00 1.59E-01 1.00E+00)
(9.00E+00 1.84E-01 1.00E+00)
(9.00E+00 2.08E-01 1.00E+00)
(9.00E+00 2.33E-01 1.00E+00)
(9.00E+00 2.56E-01 1.00E+00)
(9.00E+00 2.80E-01 1.00E+00)
(9.00E+00 3.06E-01 1.00E+00)
(9.00E+00 3.29E-01 1.00E+00)
(9.00E+00 3.55E-01 1.00E+00)
(9.00E+00 3.79E-01 1.00E+00)
(9.00E+00 4.03E-01 1.00E+00)
(9.00E+00 4.27E-01 1.00E+00)
(9.00E+00 4.52E-01 1.00E+00)
(9.00E+00 4.77E-01 1.00E+00)
(9.00E+00 5.03E-01 1.00E+00)
(9.00E+00 5.25E-01 1.00E+00)
(9.00E+00 5.51E-01 1.00E+00)
(9.00E+00 5.74E-01 1.00E+00)
(9.00E+00 5.98E-01 1.00E+00)
(9.00E+00 6.24E-01 1.00E+00)
(9.00E+00 6.48E-01 1.00E+00)
(9.00E+00 6.72E-01 1.00E+00)
(9.00E+00 6.97E-01 1.00E+00)
(9.00E+00 7.21E-01 1.00E+00)
(9.00E+00 7.46E-01 1.00E+00)
(9.00E+00 7.70E-01 1.00E+00)
(9.00E+00 7.95E-01 1.00E+00)
(9.00E+00 8.20E-01 1.00E+00)
(9.00E+00 8.44E-01 1.00E+00)
(9.00E+00 8.68E-01 1.00E+00)
(9.00E+00 8.93E-01 1.00E+00)
(9.00E+00 9.16E-01 1.00E+00)
(9.00E+00 9.41E-01 1.00E+00)
(9.00E+00 9.65E-01 1.00E+00)
(9.00E+00 9.91E-01 1.00E+00)
(9.00E+00 1.01E+00 1.00E+00)
(9.00E+00 1.04E+00 1.00E+00)
(9.00E+00 1.06E+00 1.00E+00)
(9.00E+00 1.09E+00 1.00E+00)
(9.00E+00 1.11E+00 1.00E+00)
(9.00E+00 1.14E+00 1.00E+00)
(9.00E+00 1.16E+00 1.00E+00)
(9.00E+00 1.19E+00 1.00E+00)
(9.00E+00 1.21E+00 1.00E+00)
(9.00E+00 1.23E+00 1.00E+00)
(9.00E+00 1.26E+00 1.00E+00)
(9.00E+00 1.28E+00 1.00E+00)
(9.00E+00 1.31E+00 1.00E+00)
(9.00E+00 1.33E+00 1.00E+00)
(9.00E+00 1.36E+00 1.00E+00)
(9.00E+00 1.38E+00 1.00E+00)
(9.00E+00 1.40E+00 1.00E+00)
(9.00E+00 1.43E+00 1.00E+00)
(9.00E+00 1.46E+00 1.00E+00)
(9.00E+00 1.48E+00 1.00E+00)
(9.00E+00 1.50E+00 1.00E+00)
(9.00E+00 1.53E+00 1.00E+00)
(9.00E+00 1.55E+00 1.00E+00)
(9.00E+00 1.58E+00 1.00E+00)
(9.00E+00 1.60E+00 1.00E+00)
(9.00E+00 1.63E+00 1.00E+00)
(9.00E+00 1.65E+00 1.00E+00)
(9.00E+00 1.67E+00 1.00E+00)
(9.00E+00 1.70E+00 1.00E+00)
(9.00E+00 1.72E+00 1.00E+00)
(9.00E+00 1.75E+00 1.00E+00)
(9.00E+00 1.77E+00 1.00E+00)
(9.00E+00 1.80E+00 1.00E+00)
(9.00E+00 1.82E+00 1.00E+00)
(9.00E+00 1.85E+00 1.00E+00)
(9.00E+00 1.87E+00 1.00E+00)
(9.00E+00 1.90E+00 1.00E+00)
(9.00E+00 1.92E+00 1.00E+00)
(9.00E+00 1.94E+00 1.00E+00)
(9.00E+00 1.97E+00 1.00E+00)
(9.00E+00 1.99E+00 1.00E+00)
(9.00E+00 2.02E+00 1.00E+00)
(9.00E+00 2.04E+00 1.00E+00)
(9.00E+00 2.07E+00 1.00E+00)
(9.00E+00 2.09E+00 1.00E+00)
(9.00E+00 2.12E+00 1.00E+00)
(9.00E+00 2.14E+00 1.00E+00)
(9.00E+00 2.16E+00 1.00E+00)
(9.00E+00 2.19E+00 1.00E+00)
(9.00E+00 2.21E+00 1.00E+00)
(9.00E+00 2.24E+00 1.00E+00)
(9.00E+00 2.26E+00 1.00E+00)
(9.00E+00 2.29E+00 1.00E+00)
(9.00E+00 2.31E+00 1.00E+00)
(9.00E+00 2.34E+00 1.00E+00)
(9.00E+00 2.36E+00 1.00E+00)
(9.00E+00 2.38E+00 1.00E+00)
(9.00E+00 2.41E+00 1.00E+00)
(9.00E+00 2.43E+00 1.00E+00)
(9.00E+00 2.46E+00 1.00E+00)
(9.00E+00 2.48E+00 1.00E+00)
(9.00E+00 2.51E+00 1.00E+00)
(9.00E+00 2.53E+00 1.00E+00)
(9.00E+00 2.55E+00 1.00E+00)
(9.00E+00 2.58E+00 1.00E+00)
(9.00E+00 2.60E+00 1.00E+00)
(9.00E+00 2.63E+00 1.00E+00)
(9.00E+00 2.65E+00 1.00E+00)
(9.00E+00 2.68E+00 1.00E+00)
(9.00E+00 2.70E+00 1.00E+00)
(9.00E+00 2.73E+00 1.00E+00)
(9.00E+00 2.75E+00 1.00E+00)
(9.00E+00 2.78E+00 1.00E+00)
(9.00E+00 2.80E+00 1.00E+00)
(9.00E+00 2.82E+00 1.00E+00)
(9.00E+00 2.85E+00 1.00E+00)
(9.00E+00 2.87E+00 1.00E+00)
(9.00E+00 2.90E+00 1.00E+00)
(9.00E+00 2.92E+00 1.00E+00)
(9.00E+00 2.95E+00 1.00E+00)
(9.00E+00 2.96E+00 1.00E+00)
(1.00E+01 1.88E-02 1.00E+00)
(1.00E+01 3.64E-02 1.00E+00)
(1.00E+01 6.09E-02 1.00E+00)
(1.00E+01 8.56E-02 1.00E+00)
(1.00E+01 1.10E-01 1.00E+00)
(1.00E+01 1.35E-01 1.00E+00)
(1.00E+01 1.59E-01 1.00E+00)
(1.00E+01 1.84E-01 1.00E+00)
(1.00E+01 2.09E-01 1.00E+00)
(1.00E+01 2.33E-01 1.00E+00)
(1.00E+01 2.57E-01 1.00E+00)
(1.00E+01 2.81E-01 1.00E+00)
(1.00E+01 3.05E-01 1.00E+00)
(1.00E+01 3.30E-01 1.00E+00)
(1.00E+01 3.54E-01 1.00E+00)
(1.00E+01 3.80E-01 1.00E+00)
(1.00E+01 4.03E-01 1.00E+00)
(1.00E+01 4.28E-01 1.00E+00)
(1.00E+01 4.53E-01 1.00E+00)
(1.00E+01 4.77E-01 1.00E+00)
(1.00E+01 5.01E-01 1.00E+00)
(1.00E+01 5.26E-01 1.00E+00)
(1.00E+01 5.50E-01 1.00E+00)
(1.00E+01 5.75E-01 1.00E+00)
(1.00E+01 6.00E-01 1.00E+00)
(1.00E+01 6.23E-01 1.00E+00)
(1.00E+01 6.48E-01 1.00E+00)
(1.00E+01 6.73E-01 1.00E+00)
(1.00E+01 6.97E-01 1.00E+00)
(1.00E+01 7.21E-01 1.00E+00)
(1.00E+01 7.46E-01 1.00E+00)
(1.00E+01 7.70E-01 1.00E+00)
(1.00E+01 7.94E-01 1.00E+00)
(1.00E+01 8.19E-01 1.00E+00)
(1.00E+01 8.43E-01 1.00E+00)
(1.00E+01 8.68E-01 1.00E+00)
(1.00E+01 8.92E-01 1.00E+00)
(1.00E+01 9.17E-01 1.00E+00)
(1.00E+01 9.41E-01 1.00E+00)
(1.00E+01 9.65E-01 1.00E+00)
(1.00E+01 9.90E-01 1.00E+00)
(1.00E+01 1.01E+00 1.00E+00)
(1.00E+01 1.04E+00 1.00E+00)
(1.00E+01 1.06E+00 1.00E+00)
(1.00E+01 1.09E+00 1.00E+00)
(1.00E+01 1.11E+00 1.00E+00)
(1.00E+01 1.14E+00 1.00E+00)
(1.00E+01 1.16E+00 1.00E+00)
(1.00E+01 1.19E+00 1.00E+00)
(1.00E+01 1.21E+00 1.00E+00)
(1.00E+01 1.23E+00 1.00E+00)
(1.00E+01 1.26E+00 1.00E+00)
(1.00E+01 1.28E+00 1.00E+00)
(1.00E+01 1.31E+00 1.00E+00)
(1.00E+01 1.33E+00 1.00E+00)
(1.00E+01 1.36E+00 1.00E+00)
(1.00E+01 1.38E+00 1.00E+00)
(1.00E+01 1.41E+00 1.00E+00)
(1.00E+01 1.43E+00 1.00E+00)
(1.00E+01 1.45E+00 1.00E+00)
(1.00E+01 1.48E+00 1.00E+00)
(1.00E+01 1.50E+00 1.00E+00)
(1.00E+01 1.53E+00 1.00E+00)
(1.00E+01 1.55E+00 1.00E+00)
(1.00E+01 1.58E+00 1.00E+00)
(1.00E+01 1.60E+00 1.00E+00)
(1.00E+01 1.63E+00 1.00E+00)
(1.00E+01 1.65E+00 1.00E+00)
(1.00E+01 1.68E+00 1.00E+00)
(1.00E+01 1.70E+00 1.00E+00)
(1.00E+01 1.72E+00 1.00E+00)
(1.00E+01 1.75E+00 1.00E+00)
(1.00E+01 1.77E+00 1.00E+00)
(1.00E+01 1.80E+00 1.00E+00)
(1.00E+01 1.82E+00 1.00E+00)
(1.00E+01 1.85E+00 1.00E+00)
(1.00E+01 1.87E+00 1.00E+00)
(1.00E+01 1.90E+00 1.00E+00)
(1.00E+01 1.92E+00 1.00E+00)
(1.00E+01 1.94E+00 1.00E+00)
(1.00E+01 1.97E+00 1.00E+00)
(1.00E+01 1.99E+00 1.00E+00)
(1.00E+01 2.02E+00 1.00E+00)
(1.00E+01 2.04E+00 1.00E+00)
(1.00E+01 2.07E+00 1.00E+00)
(1.00E+01 2.09E+00 1.00E+00)
(1.00E+01 2.12E+00 1.00E+00)
(1.00E+01 2.14E+00 1.00E+00)
(1.00E+01 2.16E+00 1.00E+00)
(1.00E+01 2.19E+00 1.00E+00)
(1.00E+01 2.21E+00 1.00E+00)
(1.00E+01 2.24E+00 1.00E+00)
(1.00E+01 2.26E+00 1.00E+00)
(1.00E+01 2.29E+00 1.00E+00)
(1.00E+01 2.31E+00 1.00E+00)
(1.00E+01 2.33E+00 1.00E+00)
(1.00E+01 2.36E+00 1.00E+00)
(1.00E+01 2.38E+00 1.00E+00)
(1.00E+01 2.41E+00 1.00E+00)
(1.00E+01 2.43E+00 1.00E+00)
(1.00E+01 2.46E+00 1.00E+00)
(1.00E+01 2.48E+00 1.00E+00)
(1.00E+01 2.51E+00 1.00E+00)
(1.00E+01 2.53E+00 1.00E+00)
(1.00E+01 2.56E+00 1.00E+00)
(1.00E+01 2.58E+00 1.00E+00)
(1.00E+01 2.60E+00 1.00E+00)
(1.00E+01 2.63E+00 1.00E+00)
(1.00E+01 2.65E+00 1.00E+00)
(1.00E+01 2.68E+00 1.00E+00)
(1.00E+01 2.70E+00 1.00E+00)
(1.00E+01 2.73E+00 1.00E+00)
(1.00E+01 2.75E+00 1.00E+00)
(1.00E+01 2.77E+00 1.00E+00)
(1.00E+01 2.80E+00 1.00E+00)
(1.00E+01 2.82E+00 1.00E+00)
(1.00E+01 2.85E+00 1.00E+00)
(1.00E+01 2.87E+00 1.00E+00)
(1.00E+01 2.90E+00 1.00E+00)
(1.00E+01 2.92E+00 1.00E+00)
(1.00E+01 2.95E+00 1.00E+00)
(1.00E+01 2.97E+00 1.00E+00)
