x[mm]	y[mm]	z[mm]	U[m/s]	V[m/s]	W[m/s]	urms[m/s]	vrms[m/s]	wrms[m/s]	uv[m2/s2]	uw[m2/s2]	uuu[m3/s3]	vvv[m3/s3]	www[m3/s3]	uuv[m3/s3]	uuw[m3/s3]	uvv[m3/s3]	uww[m3/s3]
38.000	0.000	28.000	42.752	0.703	-0.183	1.240	2.891	1.232	0.701	0.214	-1.680	-2.140	-1.270	-4.740	-0.726	-14.700
38.000	0.000	38.000	37.392	0.472	-0.174	3.419	3.310	2.548	0.091	3.680	-46.000	-8.430	-17.200	-2.480	-20.200	-11.200
38.000	0.000	48.000	15.320	0.335	0.927	8.352	7.217	6.425	0.711	26.900	-242.000	-18.300	-56.300	-12.500	-85.400	-45.400
38.000	0.000	58.000	-4.501	-0.077	-3.130	7.845	5.696	6.110	1.790	6.900	85.300	-7.850	48.200	-0.974	62.500	-0.712
38.000	0.000	68.000	-8.079	-0.361	-3.452	6.759	5.201	5.543	1.100	2.020	82.300	1.500	10.500	6.510	23.700	15.500
38.000	0.000	78.000	-8.892	-0.342	-2.587	6.269	5.118	5.426	0.922	0.792	30.300	3.280	7.990	5.210	12.900	13.700
38.000	0.000	88.000	-8.420	-0.399	-1.245	6.308	5.181	5.357	1.510	-0.169	-3.100	-3.140	24.800	3.000	14.900	14.200
38.000	0.000	98.000	-7.027	-0.414	0.085	6.531	5.180	5.307	0.390	0.020	-26.300	4.610	22.600	1.600	23.100	6.560
38.000	0.000	108.000	-5.143	-0.535	1.320	6.624	5.305	5.153	1.080	-0.884	-61.200	-0.666	20.500	4.860	26.000	2.360
38.000	0.000	118.000	-2.903	-0.522	2.129	6.472	5.329	5.047	0.601	-1.690	-115.000	5.500	29.400	1.220	38.400	-11.200
38.000	0.000	128.000	-0.936	-0.474	2.577	5.782	5.293	4.906	0.712	-1.680	-120.000	-3.420	26.100	-6.110	46.400	-16.400
38.000	0.000	138.000	0.927	-0.233	2.600	4.952	5.045	4.648	0.322	-0.580	-83.000	-0.007	22.900	3.920	32.900	-29.400
38.000	0.000	148.000	2.200	-0.332	2.518	4.265	4.904	4.373	0.495	0.665	-53.800	5.780	14.800	-1.040	21.700	-30.700
38.000	0.000	158.000	3.099	-0.239	2.098	3.604	4.540	4.162	0.705	1.580	-24.600	-1.380	8.570	-1.770	10.500	-26.900
38.000	0.000	168.000	3.622	-0.175	1.717	3.193	4.150	3.983	0.647	1.540	-16.800	-0.928	6.960	-4.480	7.800	-18.700
38.000	0.000	178.000	4.026	-0.125	1.093	2.841	3.909	3.801	0.056	1.600	-7.060	0.687	1.990	-0.945	3.340	-11.800
38.000	0.000	188.000	4.280	-0.084	0.542	2.646	3.657	3.825	0.155	1.730	-2.630	-3.090	-11.300	-0.940	-0.609	-7.140
38.000	0.000	198.000	4.520	0.003	-0.609	2.777	3.605	4.336	-0.027	1.810	-5.290	-1.850	-52.300	-1.350	-7.200	-7.980
38.000	0.000	208.000	5.620	0.064	-2.930	3.251	4.439	5.754	0.135	-1.980	13.400	6.600	-144.000	3.520	-22.700	-2.810
38.000	0.000	218.000	8.938	0.108	-6.283	4.393	5.627	6.783	-0.386	-10.400	51.700	2.930	-104.000	-1.700	-40.500	13.600
38.000	0.000	228.000	13.913	0.281	-8.825	5.550	6.311	6.888	-0.135	-15.600	71.500	5.150	-51.500	1.850	-35.200	29.800
38.000	0.000	238.000	17.872	0.259	-10.161	6.058	6.773	7.308	-0.384	-14.500	63.000	-7.450	-65.100	2.760	-32.600	22.900
38.000	0.000	248.000	21.148	0.183	-11.316	6.547	7.085	7.933	0.091	-18.700	29.700	-6.220	37.600	-0.554	-19.300	-0.085
38.000	0.000	258.000	24.814	0.390	-12.522	7.016	6.968	8.025	0.166	-24.200	-53.400	9.950	204.000	-3.700	30.600	-63.100
38.000	0.000	268.000	29.075	0.433	-13.682	7.135	6.069	7.764	0.713	-26.000	-203.000	1.090	361.000	-10.400	122.000	-94.800
38.000	0.000	278.000	33.188	0.678	-14.727	6.404	4.627	6.697	-0.436	-19.400	-298.000	4.840	370.000	6.750	169.000	-83.800
38.000	0.000	288.000	36.424	0.731	-15.210	4.873	3.200	5.365	0.086	-10.200	-219.000	7.510	267.000	-3.700	125.000	-38.700
38.000	0.000	298.000	38.490	0.667	-15.242	3.107	1.966	3.847	0.138	-2.780	-74.500	1.770	130.000	-0.540	39.900	-10.800
38.000	0.000	308.000	39.388	0.646	-14.850	1.844	1.021	2.462	0.058	-0.317	-9.860	1.350	42.000	0.014	9.090	0.005
38.000	0.000	318.000	39.675	0.660	-14.219	1.141	0.547	1.459	0.010	0.078	2.150	0.363	6.950	0.136	1.300	0.195
38.000	0.000	328.000	39.794	0.738	-13.515	0.790	0.357	0.891	0.001	0.044	0.944	0.024	0.530	-0.040	0.076	0.024
38.000	0.000	338.000	39.911	0.737	-12.848	0.587	0.304	0.629	0.007	0.026	0.195	-0.011	0.244	-0.028	0.063	-0.001
38.000	0.000	348.000	40.007	0.670	-12.200	0.467	0.289	0.487	0.004	0.006	0.038	-0.011	0.053	-0.034	0.025	-0.006
38.000	0.000	368.000	40.219	0.497	-10.916	0.366	0.281	0.333	0.000	-0.009	-0.001	-0.011	0.016	-0.033	0.009	-0.007
38.000	0.000	388.000	40.425	0.443	-9.624	0.343	0.281	0.284	0.002	-0.010	-0.014	-0.011	0.006	-0.036	0.009	-0.009
38.000	0.000	408.000	40.643	0.535	-8.516	0.337	0.280	0.270	0.000	-0.012	-0.002	-0.010	0.008	-0.030	0.005	-0.007
38.000	0.000	428.000	40.757	0.459	-7.648	0.334	0.279	0.258	0.001	-0.008	-0.003	-0.012	0.005	-0.034	0.007	-0.008
38.000	0.000	458.000	40.896	0.534	-6.505	0.344	0.274	0.248	0.002	-0.009	-0.016	-0.011	0.008	-0.037	0.006	-0.008
38.000	0.000	488.000	40.994	0.717	-5.463	0.342	0.275	0.234	0.002	-0.008	-0.011	-0.013	0.006	-0.039	0.007	-0.008
38.000	0.000	518.000	41.058	0.547	-4.589	0.342	0.276	0.247	0.002	-0.007	-0.016	-0.011	0.011	-0.037	0.006	-0.009
38.000	0.000	558.000	41.124	0.342	-3.683	0.345	0.282	0.264	0.000	-0.008	-0.020	-0.011	0.009	-0.037	0.007	-0.008
38.000	0.000	598.000	41.127	0.327	-3.044	0.346	0.281	0.242	0.000	-0.009	-0.022	-0.011	0.009	-0.036	0.007	-0.009
38.000	0.000	638.000	41.143	0.278	-2.563	0.344	0.279	0.263	-0.001	-0.007	-0.016	-0.014	0.012	-0.038	0.006	-0.008
38.000	0.000	688.000	41.106	0.402	-2.002	0.347	0.277	0.269	0.002	-0.005	-0.014	-0.012	0.009	-0.037	0.008	-0.008
38.000	0.000	738.000	41.080	0.430	-1.595	0.345	0.274	0.262	0.001	-0.005	-0.016	-0.011	0.007	-0.033	0.007	-0.008
																	
																	
