x[mm]   y[mm]   z[mm]   U[m/s]  V[m/s]  W[m/s]  urms[m/s]       vrms[m/s]       wrms[m/s]       uv[m2/s2]       uw[m2/s2]       uuu[m3/s3]      vvv[m3/s3]      www[m3/s3]      uuv[m3/s3]      uuw[m3/s3]      uvv[m3/s3]      uww[m3/s3]
37.000	0.000	28.000	43.102	0.350	-1.286	1.213	1.309	1.013	-0.176	0.406	-2.404	2.377	-0.944	1.043	-0.839	-1.048	-0.828
37.000	0.000	38.000	37.219	0.313	-1.213	3.066	2.214	2.143	0.062	2.630	-15.828	-1.112	-5.828	-0.338	-5.470	-3.671	-4.927
37.000	0.000	48.000	14.176	0.242	0.443	7.702	5.842	5.593	0.161	20.917	-161.615	9.430	-21.761	6.001	-55.965	-78.814	-51.089
37.000	0.000	58.000	-6.139	-0.171	-2.686	5.379	5.055	3.851	-0.074	2.808	53.626	-7.564	8.287	-0.990	17.001	19.007	5.804
37.000	0.000	68.000	-7.400	-0.097	-2.475	4.543	3.930	3.427	-0.040	0.940	41.843	1.384	4.116	-0.547	6.768	11.066	5.264
37.000	0.000	78.000	-7.706	-0.059	-1.997	4.282	3.856	3.495	-0.403	0.754	22.685	-7.278	2.832	2.112	3.071	11.032	4.056
37.000	0.000	88.000	-7.687	-0.119	-1.433	4.175	3.823	3.530	0.018	0.663	9.101	2.922	2.530	-0.978	2.654	8.291	3.940
37.000	0.000	98.000	-7.641	-0.242	-0.657	4.257	3.772	3.626	-0.213	1.083	4.109	0.188	1.376	-2.437	3.931	3.510	2.648
37.000	0.000	108.000	-7.589	-0.054	0.070	4.315	3.768	3.644	-0.626	1.320	3.540	2.397	-1.724	1.511	4.142	2.720	1.735
37.000	0.000	118.000	-7.457	-0.117	0.844	4.447	3.812	3.641	-0.572	2.338	4.597	0.669	1.632	-0.766	6.322	3.651	1.732
37.000	0.000	128.000	-7.055	-0.132	1.613	4.517	3.849	3.633	-0.040	2.464	9.573	0.688	0.551	-2.812	9.833	4.494	2.109
37.000	0.000	138.000	-6.755	-0.151	2.366	4.625	3.890	3.658	-0.335	2.645	1.029	-0.359	-1.044	-0.584	11.312	5.373	0.167
37.000	0.000	148.000	-6.284	-0.136	3.140	4.772	3.935	3.589	0.321	2.587	-0.375	-1.148	-3.281	1.097	11.244	4.044	-1.922
37.000	0.000	158.000	-5.819	-0.101	3.745	4.731	3.964	3.580	-0.237	3.006	-12.668	-1.434	-0.432	-0.626	9.969	2.312	-3.650
37.000	0.000	168.000	-5.221	-0.188	4.302	4.817	3.946	3.487	-0.308	3.153	-15.096	-0.727	0.927	-1.152	8.722	4.415	-2.923
37.000	0.000	178.000	-4.637	-0.260	4.767	4.744	3.979	3.489	-0.474	2.861	-19.140	3.389	1.440	1.014	10.783	2.160	-4.928
37.000	0.000	188.000	-4.117	-0.165	5.188	4.604	4.078	3.476	-0.003	2.239	-21.561	1.360	3.765	-2.356	14.247	2.730	-6.814
37.000	0.000	198.000	-3.497	-0.175	5.517	4.554	3.938	3.458	-0.081	2.654	-27.244	-0.340	1.300	-2.198	11.314	3.538	-6.086
37.000	0.000	208.000	-3.048	-0.022	5.714	4.335	3.988	3.500	-0.491	1.994	-30.550	0.106	6.816	-2.652	11.950	3.186	-7.506
37.000	0.000	218.000	-2.515	-0.084	5.641	4.156	3.931	3.495	0.561	2.121	-23.603	-2.421	3.780	-2.301	13.098	1.476	-5.719
37.000	0.000	228.000	-1.802	-0.073	5.488	4.019	3.929	3.493	-0.020	2.655	-22.743	-2.431	3.726	-0.905	10.763	0.306	-3.133
37.000	0.000	238.000	-1.303	-0.022	5.129	3.763	3.922	3.352	-0.132	2.619	-13.437	-1.589	3.808	0.689	10.958	1.523	-1.209
37.000	0.000	248.000	-0.709	-0.024	4.854	3.572	3.844	3.443	-0.170	2.113	-16.069	4.820	-2.062	1.770	9.622	-2.793	1.000
37.000	0.000	258.000	0.022	-0.042	4.423	3.500	3.867	3.581	-0.155	2.012	-12.144	1.807	-7.491	0.075	5.282	-4.061	6.337
37.000	0.000	268.000	0.967	-0.131	3.681	3.352	3.921	3.844	0.095	0.833	-10.933	-0.862	-15.916	0.069	4.918	-3.333	7.398
37.000	0.000	278.000	2.458	0.041	2.708	3.473	3.918	4.044	-0.118	-1.858	0.955	-2.125	-27.502	2.675	-6.204	-4.396	18.633
37.000	0.000	288.000	4.802	0.050	0.985	4.132	4.179	4.927	-0.309	-7.677	27.340	-0.355	-85.146	0.341	-32.881	1.035	46.486
37.000	0.000	298.000	9.118	-0.035	-0.966	5.271	5.078	5.841	-0.307	-14.577	81.601	-5.739	-108.104	-3.302	-49.019	18.436	52.288
37.000	0.000	308.000	15.708	-0.013	-3.021	6.586	6.460	6.508	-0.773	-22.107	53.539	7.964	-39.765	-1.492	-18.337	29.610	14.936
37.000	0.000	318.000	24.639	-0.021	-4.600	7.030	7.016	6.271	0.112	-23.226	-81.436	3.737	72.842	-1.095	58.998	-22.094	-57.887
37.000	0.000	328.000	35.061	-0.033	-5.574	5.807	5.815	4.821	0.094	-14.377	-189.755	-6.508	103.582	2.696	97.663	-75.865	-89.408
37.000	0.000	338.000	42.402	-0.026	-6.119	2.724	3.032	2.779	0.205	-3.288	-44.815	2.808	34.050	-1.008	27.001	-31.806	-25.178
37.000	0.000	348.000	43.812	-0.034	-6.149	1.141	1.033	1.346	0.045	-0.078	-0.153	-0.127	3.077	0.005	0.727	-1.230	-0.597
37.000	0.000	368.000	43.514	0.214	-5.731	0.589	0.411	0.588	-0.012	0.011	-0.074	-0.019	0.092	-0.009	0.016	-0.004	0.000
37.000	0.000	388.000	43.237	0.155	-5.274	0.468	0.317	0.393	-0.008	0.016	-0.077	-0.012	0.020	-0.005	-0.001	-0.004	-0.001
37.000	0.000	408.000	42.960	0.089	-4.797	0.440	0.295	0.339	-0.009	0.015	-0.069	-0.009	0.022	-0.004	-0.003	-0.001	0.000
37.000	0.000	428.000	42.791	0.012	-4.319	0.417	0.270	0.330	-0.012	0.016	-0.068	-0.010	0.020	-0.004	-0.002	-0.001	-0.003
37.000	0.000	458.000	42.481	0.037	-3.849	0.398	0.249	0.311	-0.010	0.016	-0.069	-0.008	0.011	-0.004	-0.003	-0.002	-0.003
37.000	0.000	488.000	42.216	0.229	-3.427	0.389	0.253	0.291	-0.009	0.015	-0.071	-0.009	0.010	-0.005	0.000	-0.002	-0.001
37.000	0.000	518.000	41.985	0.313	-2.961	0.393	0.241	0.277	-0.009	0.014	-0.085	-0.009	0.012	-0.004	-0.002	-0.002	-0.001
37.000	0.000	558.000	41.739	0.466	-2.380	0.397	0.235	0.286	-0.009	0.016	-0.075	-0.008	0.010	-0.003	-0.004	-0.002	-0.002
37.000	0.000	598.000	41.482	0.490	-1.966	0.403	0.234	0.292	-0.008	0.018	-0.073	-0.010	0.012	-0.003	-0.005	-0.003	-0.002
37.000	0.000	638.000	41.451	0.196	-1.682	0.404	0.230	0.273	-0.009	0.016	-0.069	-0.007	0.008	-0.004	-0.002	-0.002	-0.001
37.000	0.000	688.000	41.389	0.012	-1.435	0.404	0.231	0.265	-0.010	0.014	-0.068	-0.006	0.006	-0.003	-0.001	-0.001	-0.002
37.000	0.000	738.000	41.244	-0.346	-1.168	0.404	0.222	0.245	-0.008	0.016	-0.066	-0.006	0.006	-0.004	-0.002	-0.002	-0.001
